*BLOCK: TYPE =    0: SUBTYPE =    0: VERSION =    2
Summary of spectral data.
Number of spectral bands =   300
Total number of gaseous absorbers =     2
List of indexing numbers and absorbers.
Index       Absorber(identifier and name)
    1           1       Water Vapour        
    2           2       Carbon Dioxide      
*END
*BLOCK: TYPE =    1: SUBTYPE =    0: VERSION =    0
Specification of spectral intervals
Limits of spectral intervals (wavelengths in m.)
Band        Lower limit         Upper limit
    1        5.000000000E-04     1.000000000E-02
    2        2.500000000E-04     5.000000000E-04
    3        1.666666667E-04     2.500000000E-04
    4        1.250000000E-04     1.666666667E-04
    5        1.000000000E-04     1.250000000E-04
    6        8.333333333E-05     1.000000000E-04
    7        7.142857143E-05     8.333333333E-05
    8        6.250000000E-05     7.142857143E-05
    9        5.555555556E-05     6.250000000E-05
   10        5.000000000E-05     5.555555556E-05
   11        4.545454545E-05     5.000000000E-05
   12        4.166666667E-05     4.545454545E-05
   13        3.846153846E-05     4.166666667E-05
   14        3.571428571E-05     3.846153846E-05
   15        3.333333333E-05     3.571428571E-05
   16        3.125000000E-05     3.333333333E-05
   17        2.941176471E-05     3.125000000E-05
   18        2.777777778E-05     2.941176471E-05
   19        2.631578947E-05     2.777777778E-05
   20        2.500000000E-05     2.631578947E-05
   21        2.380952381E-05     2.500000000E-05
   22        2.272727273E-05     2.380952381E-05
   23        2.173913043E-05     2.272727273E-05
   24        2.083333333E-05     2.173913043E-05
   25        2.000000000E-05     2.083333333E-05
   26        1.923076923E-05     2.000000000E-05
   27        1.851851852E-05     1.923076923E-05
   28        1.785714286E-05     1.851851852E-05
   29        1.724137931E-05     1.785714286E-05
   30        1.666666667E-05     1.724137931E-05
   31        1.612903226E-05     1.666666667E-05
   32        1.562500000E-05     1.612903226E-05
   33        1.515151515E-05     1.562500000E-05
   34        1.470588235E-05     1.515151515E-05
   35        1.428571429E-05     1.470588235E-05
   36        1.388888889E-05     1.428571429E-05
   37        1.351351351E-05     1.388888889E-05
   38        1.315789474E-05     1.351351351E-05
   39        1.282051282E-05     1.315789474E-05
   40        1.250000000E-05     1.282051282E-05
   41        1.219512195E-05     1.250000000E-05
   42        1.190476190E-05     1.219512195E-05
   43        1.162790698E-05     1.190476190E-05
   44        1.136363636E-05     1.162790698E-05
   45        1.111111111E-05     1.136363636E-05
   46        1.086956522E-05     1.111111111E-05
   47        1.063829787E-05     1.086956522E-05
   48        1.041666667E-05     1.063829787E-05
   49        1.020408163E-05     1.041666667E-05
   50        1.000000000E-05     1.020408163E-05
   51        9.803921569E-06     1.000000000E-05
   52        9.615384615E-06     9.803921569E-06
   53        9.433962264E-06     9.615384615E-06
   54        9.259259259E-06     9.433962264E-06
   55        9.090909091E-06     9.259259259E-06
   56        8.928571429E-06     9.090909091E-06
   57        8.771929825E-06     8.928571429E-06
   58        8.620689655E-06     8.771929825E-06
   59        8.474576271E-06     8.620689655E-06
   60        8.333333333E-06     8.474576271E-06
   61        8.196721311E-06     8.333333333E-06
   62        8.064516129E-06     8.196721311E-06
   63        7.936507937E-06     8.064516129E-06
   64        7.812500000E-06     7.936507937E-06
   65        7.692307692E-06     7.812500000E-06
   66        7.575757576E-06     7.692307692E-06
   67        7.462686567E-06     7.575757576E-06
   68        7.352941176E-06     7.462686567E-06
   69        7.246376812E-06     7.352941176E-06
   70        7.142857143E-06     7.246376812E-06
   71        7.042253521E-06     7.142857143E-06
   72        6.944444444E-06     7.042253521E-06
   73        6.849315068E-06     6.944444444E-06
   74        6.756756757E-06     6.849315068E-06
   75        6.666666667E-06     6.756756757E-06
   76        6.578947368E-06     6.666666667E-06
   77        6.493506494E-06     6.578947368E-06
   78        6.410256410E-06     6.493506494E-06
   79        6.329113924E-06     6.410256410E-06
   80        6.250000000E-06     6.329113924E-06
   81        6.172839506E-06     6.250000000E-06
   82        6.097560976E-06     6.172839506E-06
   83        6.024096386E-06     6.097560976E-06
   84        5.952380952E-06     6.024096386E-06
   85        5.882352941E-06     5.952380952E-06
   86        5.813953488E-06     5.882352941E-06
   87        5.747126437E-06     5.813953488E-06
   88        5.681818182E-06     5.747126437E-06
   89        5.617977528E-06     5.681818182E-06
   90        5.555555556E-06     5.617977528E-06
   91        5.494505495E-06     5.555555556E-06
   92        5.434782609E-06     5.494505495E-06
   93        5.376344086E-06     5.434782609E-06
   94        5.319148936E-06     5.376344086E-06
   95        5.263157895E-06     5.319148936E-06
   96        5.208333333E-06     5.263157895E-06
   97        5.154639175E-06     5.208333333E-06
   98        5.102040816E-06     5.154639175E-06
   99        5.050505051E-06     5.102040816E-06
  100        5.000000000E-06     5.050505051E-06
  101        4.950495050E-06     5.000000000E-06
  102        4.901960784E-06     4.950495050E-06
  103        4.854368932E-06     4.901960784E-06
  104        4.807692308E-06     4.854368932E-06
  105        4.761904762E-06     4.807692308E-06
  106        4.716981132E-06     4.761904762E-06
  107        4.672897196E-06     4.716981132E-06
  108        4.629629630E-06     4.672897196E-06
  109        4.587155963E-06     4.629629630E-06
  110        4.545454545E-06     4.587155963E-06
  111        4.504504505E-06     4.545454545E-06
  112        4.464285714E-06     4.504504505E-06
  113        4.424778761E-06     4.464285714E-06
  114        4.385964912E-06     4.424778761E-06
  115        4.347826087E-06     4.385964912E-06
  116        4.310344828E-06     4.347826087E-06
  117        4.273504274E-06     4.310344828E-06
  118        4.237288136E-06     4.273504274E-06
  119        4.201680672E-06     4.237288136E-06
  120        4.166666667E-06     4.201680672E-06
  121        4.132231405E-06     4.166666667E-06
  122        4.098360656E-06     4.132231405E-06
  123        4.065040650E-06     4.098360656E-06
  124        4.032258065E-06     4.065040650E-06
  125        4.000000000E-06     4.032258065E-06
  126        3.968253968E-06     4.000000000E-06
  127        3.937007874E-06     3.968253968E-06
  128        3.906250000E-06     3.937007874E-06
  129        3.875968992E-06     3.906250000E-06
  130        3.846153846E-06     3.875968992E-06
  131        3.816793893E-06     3.846153846E-06
  132        3.787878788E-06     3.816793893E-06
  133        3.759398496E-06     3.787878788E-06
  134        3.731343284E-06     3.759398496E-06
  135        3.703703704E-06     3.731343284E-06
  136        3.676470588E-06     3.703703704E-06
  137        3.649635036E-06     3.676470588E-06
  138        3.623188406E-06     3.649635036E-06
  139        3.597122302E-06     3.623188406E-06
  140        3.571428571E-06     3.597122302E-06
  141        3.546099291E-06     3.571428571E-06
  142        3.521126761E-06     3.546099291E-06
  143        3.496503497E-06     3.521126761E-06
  144        3.472222222E-06     3.496503497E-06
  145        3.448275862E-06     3.472222222E-06
  146        3.424657534E-06     3.448275862E-06
  147        3.401360544E-06     3.424657534E-06
  148        3.378378378E-06     3.401360544E-06
  149        3.355704698E-06     3.378378378E-06
  150        3.333333333E-06     3.355704698E-06
  151        3.278688525E-06     3.333333333E-06
  152        3.225806452E-06     3.278688525E-06
  153        3.174603175E-06     3.225806452E-06
  154        3.125000000E-06     3.174603175E-06
  155        3.076923077E-06     3.125000000E-06
  156        3.030303030E-06     3.076923077E-06
  157        2.985074627E-06     3.030303030E-06
  158        2.941176471E-06     2.985074627E-06
  159        2.898550725E-06     2.941176471E-06
  160        2.857142857E-06     2.898550725E-06
  161        2.816901408E-06     2.857142857E-06
  162        2.777777778E-06     2.816901408E-06
  163        2.739726027E-06     2.777777778E-06
  164        2.702702703E-06     2.739726027E-06
  165        2.666666667E-06     2.702702703E-06
  166        2.631578947E-06     2.666666667E-06
  167        2.597402597E-06     2.631578947E-06
  168        2.564102564E-06     2.597402597E-06
  169        2.531645570E-06     2.564102564E-06
  170        2.500000000E-06     2.531645570E-06
  171        2.469135802E-06     2.500000000E-06
  172        2.439024390E-06     2.469135802E-06
  173        2.409638554E-06     2.439024390E-06
  174        2.380952381E-06     2.409638554E-06
  175        2.352941176E-06     2.380952381E-06
  176        2.325581395E-06     2.352941176E-06
  177        2.298850575E-06     2.325581395E-06
  178        2.272727273E-06     2.298850575E-06
  179        2.247191011E-06     2.272727273E-06
  180        2.222222222E-06     2.247191011E-06
  181        2.197802198E-06     2.222222222E-06
  182        2.173913043E-06     2.197802198E-06
  183        2.150537634E-06     2.173913043E-06
  184        2.127659574E-06     2.150537634E-06
  185        2.105263158E-06     2.127659574E-06
  186        2.083333333E-06     2.105263158E-06
  187        2.061855670E-06     2.083333333E-06
  188        2.040816327E-06     2.061855670E-06
  189        2.020202020E-06     2.040816327E-06
  190        2.000000000E-06     2.020202020E-06
  191        1.980198020E-06     2.000000000E-06
  192        1.960784314E-06     1.980198020E-06
  193        1.941747573E-06     1.960784314E-06
  194        1.923076923E-06     1.941747573E-06
  195        1.904761905E-06     1.923076923E-06
  196        1.886792453E-06     1.904761905E-06
  197        1.869158879E-06     1.886792453E-06
  198        1.851851852E-06     1.869158879E-06
  199        1.834862385E-06     1.851851852E-06
  200        1.818181818E-06     1.834862385E-06
  201        1.801801802E-06     1.818181818E-06
  202        1.785714286E-06     1.801801802E-06
  203        1.769911504E-06     1.785714286E-06
  204        1.754385965E-06     1.769911504E-06
  205        1.739130435E-06     1.754385965E-06
  206        1.724137931E-06     1.739130435E-06
  207        1.709401709E-06     1.724137931E-06
  208        1.694915254E-06     1.709401709E-06
  209        1.680672269E-06     1.694915254E-06
  210        1.666666667E-06     1.680672269E-06
  211        1.652892562E-06     1.666666667E-06
  212        1.639344262E-06     1.652892562E-06
  213        1.626016260E-06     1.639344262E-06
  214        1.612903226E-06     1.626016260E-06
  215        1.600000000E-06     1.612903226E-06
  216        1.587301587E-06     1.600000000E-06
  217        1.574803150E-06     1.587301587E-06
  218        1.562500000E-06     1.574803150E-06
  219        1.550387597E-06     1.562500000E-06
  220        1.538461538E-06     1.550387597E-06
  221        1.526717557E-06     1.538461538E-06
  222        1.515151515E-06     1.526717557E-06
  223        1.503759398E-06     1.515151515E-06
  224        1.492537313E-06     1.503759398E-06
  225        1.481481481E-06     1.492537313E-06
  226        1.470588235E-06     1.481481481E-06
  227        1.459854015E-06     1.470588235E-06
  228        1.449275362E-06     1.459854015E-06
  229        1.438848921E-06     1.449275362E-06
  230        1.428571429E-06     1.438848921E-06
  231        1.418439716E-06     1.428571429E-06
  232        1.408450704E-06     1.418439716E-06
  233        1.398601399E-06     1.408450704E-06
  234        1.388888889E-06     1.398601399E-06
  235        1.379310345E-06     1.388888889E-06
  236        1.369863014E-06     1.379310345E-06
  237        1.360544218E-06     1.369863014E-06
  238        1.351351351E-06     1.360544218E-06
  239        1.342281879E-06     1.351351351E-06
  240        1.333333333E-06     1.342281879E-06
  241        1.324503311E-06     1.333333333E-06
  242        1.315789474E-06     1.324503311E-06
  243        1.307189542E-06     1.315789474E-06
  244        1.298701299E-06     1.307189542E-06
  245        1.290322581E-06     1.298701299E-06
  246        1.282051282E-06     1.290322581E-06
  247        1.273885350E-06     1.282051282E-06
  248        1.265822785E-06     1.273885350E-06
  249        1.257861635E-06     1.265822785E-06
  250        1.250000000E-06     1.257861635E-06
  251        1.242236025E-06     1.250000000E-06
  252        1.234567901E-06     1.242236025E-06
  253        1.226993865E-06     1.234567901E-06
  254        1.219512195E-06     1.226993865E-06
  255        1.212121212E-06     1.219512195E-06
  256        1.204819277E-06     1.212121212E-06
  257        1.197604790E-06     1.204819277E-06
  258        1.190476190E-06     1.197604790E-06
  259        1.183431953E-06     1.190476190E-06
  260        1.176470588E-06     1.183431953E-06
  261        1.169590643E-06     1.176470588E-06
  262        1.162790698E-06     1.169590643E-06
  263        1.156069364E-06     1.162790698E-06
  264        1.149425287E-06     1.156069364E-06
  265        1.142857143E-06     1.149425287E-06
  266        1.136363636E-06     1.142857143E-06
  267        1.129943503E-06     1.136363636E-06
  268        1.123595506E-06     1.129943503E-06
  269        1.117318436E-06     1.123595506E-06
  270        1.111111111E-06     1.117318436E-06
  271        1.052631579E-06     1.111111111E-06
  272        1.000000000E-06     1.052631579E-06
  273        9.523809524E-07     1.000000000E-06
  274        9.090909091E-07     9.523809524E-07
  275        8.695652174E-07     9.090909091E-07
  276        8.333333333E-07     8.695652174E-07
  277        8.000000000E-07     8.333333333E-07
  278        7.692307692E-07     8.000000000E-07
  279        7.407407407E-07     7.692307692E-07
  280        7.142857143E-07     7.407407407E-07
  281        6.896551724E-07     7.142857143E-07
  282        6.666666667E-07     6.896551724E-07
  283        6.451612903E-07     6.666666667E-07
  284        6.250000000E-07     6.451612903E-07
  285        6.060606061E-07     6.250000000E-07
  286        5.882352941E-07     6.060606061E-07
  287        5.714285714E-07     5.882352941E-07
  288        5.555555556E-07     5.714285714E-07
  289        5.405405405E-07     5.555555556E-07
  290        5.263157895E-07     5.405405405E-07
  291        5.128205128E-07     5.263157895E-07
  292        5.000000000E-07     5.128205128E-07
  293        4.878048780E-07     5.000000000E-07
  294        4.761904762E-07     4.878048780E-07
  295        4.651162791E-07     4.761904762E-07
  296        4.545454545E-07     4.651162791E-07
  297        4.444444444E-07     4.545454545E-07
  298        4.347826087E-07     4.444444444E-07
  299        4.255319149E-07     4.347826087E-07
  300        4.166666667E-07     4.255319149E-07
*END
*BLOCK: TYPE =    4: SUBTYPE =    0: VERSION =    0
Gaseous absorbers in each interval
(The number is the indexing number of the species as set out
 in the summary block 0.)
A zero indicates that there in no gaseous absorption in the interval.
Band        Number of active absorbers followed by indexing numbers
    1           2
         1    2
    2           2
         1    2
    3           2
         1    2
    4           2
         1    2
    5           2
         1    2
    6           2
         1    2
    7           2
         1    2
    8           2
         1    2
    9           2
         1    2
   10           2
         1    2
   11           2
         1    2
   12           2
         1    2
   13           2
         1    2
   14           2
         1    2
   15           2
         1    2
   16           2
         1    2
   17           2
         1    2
   18           2
         1    2
   19           2
         1    2
   20           2
         1    2
   21           2
         1    2
   22           2
         1    2
   23           2
         1    2
   24           2
         1    2
   25           2
         1    2
   26           2
         1    2
   27           2
         1    2
   28           2
         1    2
   29           2
         1    2
   30           2
         1    2
   31           2
         1    2
   32           2
         1    2
   33           2
         1    2
   34           2
         1    2
   35           2
         1    2
   36           2
         1    2
   37           2
         1    2
   38           2
         1    2
   39           2
         1    2
   40           2
         1    2
   41           2
         1    2
   42           2
         1    2
   43           2
         1    2
   44           2
         1    2
   45           2
         1    2
   46           2
         1    2
   47           2
         1    2
   48           2
         1    2
   49           2
         1    2
   50           2
         1    2
   51           2
         1    2
   52           2
         1    2
   53           2
         1    2
   54           2
         1    2
   55           2
         1    2
   56           2
         1    2
   57           2
         1    2
   58           2
         1    2
   59           2
         1    2
   60           2
         1    2
   61           2
         1    2
   62           2
         1    2
   63           2
         1    2
   64           2
         1    2
   65           2
         1    2
   66           2
         1    2
   67           2
         1    2
   68           2
         1    2
   69           2
         1    2
   70           2
         1    2
   71           2
         1    2
   72           2
         1    2
   73           2
         1    2
   74           2
         1    2
   75           2
         1    2
   76           2
         1    2
   77           2
         1    2
   78           2
         1    2
   79           2
         1    2
   80           2
         1    2
   81           2
         1    2
   82           2
         1    2
   83           2
         1    2
   84           2
         1    2
   85           2
         1    2
   86           2
         1    2
   87           2
         1    2
   88           2
         1    2
   89           2
         1    2
   90           2
         1    2
   91           2
         1    2
   92           2
         1    2
   93           2
         1    2
   94           2
         1    2
   95           2
         1    2
   96           2
         1    2
   97           2
         1    2
   98           2
         1    2
   99           2
         1    2
  100           2
         1    2
  101           2
         1    2
  102           2
         1    2
  103           2
         1    2
  104           2
         1    2
  105           2
         1    2
  106           2
         1    2
  107           2
         1    2
  108           2
         1    2
  109           2
         1    2
  110           2
         1    2
  111           2
         1    2
  112           2
         1    2
  113           2
         1    2
  114           2
         1    2
  115           2
         1    2
  116           2
         1    2
  117           2
         1    2
  118           2
         1    2
  119           2
         1    2
  120           2
         1    2
  121           2
         1    2
  122           2
         1    2
  123           2
         1    2
  124           2
         1    2
  125           2
         1    2
  126           2
         1    2
  127           2
         1    2
  128           2
         1    2
  129           2
         1    2
  130           2
         1    2
  131           2
         1    2
  132           2
         1    2
  133           2
         1    2
  134           2
         1    2
  135           2
         1    2
  136           2
         1    2
  137           2
         1    2
  138           2
         1    2
  139           2
         1    2
  140           2
         1    2
  141           2
         1    2
  142           2
         1    2
  143           2
         1    2
  144           2
         1    2
  145           2
         1    2
  146           2
         1    2
  147           2
         1    2
  148           2
         1    2
  149           2
         1    2
  150           2
         1    2
  151           2
         1    2
  152           2
         1    2
  153           2
         1    2
  154           2
         1    2
  155           2
         1    2
  156           2
         1    2
  157           2
         1    2
  158           2
         1    2
  159           2
         1    2
  160           2
         1    2
  161           2
         1    2
  162           2
         1    2
  163           2
         1    2
  164           2
         1    2
  165           2
         1    2
  166           2
         1    2
  167           2
         1    2
  168           2
         1    2
  169           2
         1    2
  170           2
         1    2
  171           2
         1    2
  172           2
         1    2
  173           2
         1    2
  174           2
         1    2
  175           2
         1    2
  176           2
         1    2
  177           2
         1    2
  178           2
         1    2
  179           2
         1    2
  180           2
         1    2
  181           2
         1    2
  182           2
         1    2
  183           2
         1    2
  184           2
         1    2
  185           2
         1    2
  186           2
         1    2
  187           2
         1    2
  188           2
         1    2
  189           2
         1    2
  190           2
         1    2
  191           2
         1    2
  192           2
         1    2
  193           2
         1    2
  194           2
         1    2
  195           2
         1    2
  196           2
         1    2
  197           2
         1    2
  198           2
         1    2
  199           2
         1    2
  200           2
         1    2
  201           2
         1    2
  202           2
         1    2
  203           2
         1    2
  204           2
         1    2
  205           2
         1    2
  206           2
         1    2
  207           2
         1    2
  208           2
         1    2
  209           2
         1    2
  210           2
         1    2
  211           2
         1    2
  212           2
         1    2
  213           2
         1    2
  214           2
         1    2
  215           2
         1    2
  216           2
         1    2
  217           2
         1    2
  218           2
         1    2
  219           2
         1    2
  220           2
         1    2
  221           2
         1    2
  222           2
         1    2
  223           2
         1    2
  224           2
         1    2
  225           2
         1    2
  226           2
         1    2
  227           2
         1    2
  228           2
         1    2
  229           2
         1    2
  230           2
         1    2
  231           2
         1    2
  232           2
         1    2
  233           2
         1    2
  234           2
         1    2
  235           2
         1    2
  236           2
         1    2
  237           2
         1    2
  238           2
         1    2
  239           2
         1    2
  240           2
         1    2
  241           2
         1    2
  242           2
         1    2
  243           2
         1    2
  244           2
         1    2
  245           2
         1    2
  246           2
         1    2
  247           2
         1    2
  248           2
         1    2
  249           2
         1    2
  250           2
         1    2
  251           2
         1    2
  252           2
         1    2
  253           2
         1    2
  254           2
         1    2
  255           2
         1    2
  256           2
         1    2
  257           2
         1    2
  258           2
         1    2
  259           2
         1    2
  260           2
         1    2
  261           2
         1    2
  262           2
         1    2
  263           2
         1    2
  264           2
         1    2
  265           2
         1    2
  266           2
         1    2
  267           2
         1    2
  268           2
         1    2
  269           2
         1    2
  270           2
         1    2
  271           2
         1    2
  272           2
         1    2
  273           2
         1    2
  274           2
         1    2
  275           2
         1    2
  276           2
         1    2
  277           2
         1    2
  278           2
         1    2
  279           2
         1    2
  280           2
         1    2
  281           2
         1    2
  282           2
         1    2
  283           2
         1    2
  284           2
         1    2
  285           2
         1    2
  286           2
         1    2
  287           2
         1    2
  288           2
         1    2
  289           2
         1    2
  290           2
         1    2
  291           2
         1    2
  292           2
         1    2
  293           2
         1    2
  294           2
         1    2
  295           2
         1    2
  296           2
         1    2
  297           2
         1    2
  298           2
         1    2
  299           2
         1    2
  300           2
         1    2
*END
*BLOCK: TYPE =    8: SUBTYPE =    0: VERSION =    0
Continuum absorbers in each interval
(The number is the indexing number of each type as set out
 in the module rad_pcf.)
A zero indicates that there is no continuum absorption in the interval.
Band         Number of active continua followed by indexing numbers
    1           0
    2           0
    3           0
    4           0
    5           0
    6           0
    7           0
    8           0
    9           0
   10           0
   11           0
   12           0
   13           0
   14           0
   15           0
   16           0
   17           0
   18           0
   19           0
   20           0
   21           0
   22           0
   23           0
   24           0
   25           0
   26           0
   27           0
   28           0
   29           0
   30           0
   31           0
   32           0
   33           0
   34           0
   35           0
   36           0
   37           0
   38           0
   39           0
   40           0
   41           0
   42           0
   43           0
   44           0
   45           0
   46           0
   47           0
   48           0
   49           0
   50           0
   51           0
   52           0
   53           0
   54           0
   55           0
   56           0
   57           0
   58           0
   59           0
   60           0
   61           0
   62           0
   63           0
   64           0
   65           0
   66           0
   67           0
   68           0
   69           0
   70           0
   71           0
   72           0
   73           0
   74           0
   75           0
   76           0
   77           0
   78           0
   79           0
   80           0
   81           0
   82           0
   83           0
   84           0
   85           0
   86           0
   87           0
   88           0
   89           0
   90           0
   91           0
   92           0
   93           0
   94           0
   95           0
   96           0
   97           0
   98           0
   99           0
  100           0
  101           0
  102           0
  103           0
  104           0
  105           0
  106           0
  107           0
  108           0
  109           0
  110           0
  111           0
  112           0
  113           0
  114           0
  115           0
  116           0
  117           0
  118           0
  119           0
  120           0
  121           0
  122           0
  123           0
  124           0
  125           0
  126           0
  127           0
  128           0
  129           0
  130           0
  131           0
  132           0
  133           0
  134           0
  135           0
  136           0
  137           0
  138           0
  139           0
  140           0
  141           0
  142           0
  143           0
  144           0
  145           0
  146           0
  147           0
  148           0
  149           0
  150           0
  151           0
  152           0
  153           0
  154           0
  155           0
  156           0
  157           0
  158           0
  159           0
  160           0
  161           0
  162           0
  163           0
  164           0
  165           0
  166           0
  167           0
  168           0
  169           0
  170           0
  171           0
  172           0
  173           0
  174           0
  175           0
  176           0
  177           0
  178           0
  179           0
  180           0
  181           0
  182           0
  183           0
  184           0
  185           0
  186           0
  187           0
  188           0
  189           0
  190           0
  191           0
  192           0
  193           0
  194           0
  195           0
  196           0
  197           0
  198           0
  199           0
  200           0
  201           0
  202           0
  203           0
  204           0
  205           0
  206           0
  207           0
  208           0
  209           0
  210           0
  211           0
  212           0
  213           0
  214           0
  215           0
  216           0
  217           0
  218           0
  219           0
  220           0
  221           0
  222           0
  223           0
  224           0
  225           0
  226           0
  227           0
  228           0
  229           0
  230           0
  231           0
  232           0
  233           0
  234           0
  235           0
  236           0
  237           0
  238           0
  239           0
  240           0
  241           0
  242           0
  243           0
  244           0
  245           0
  246           0
  247           0
  248           0
  249           0
  250           0
  251           0
  252           0
  253           0
  254           0
  255           0
  256           0
  257           0
  258           0
  259           0
  260           0
  261           0
  262           0
  263           0
  264           0
  265           0
  266           0
  267           0
  268           0
  269           0
  270           0
  271           0
  272           0
  273           0
  274           0
  275           0
  276           0
  277           0
  278           0
  279           0
  280           0
  281           0
  282           0
  283           0
  284           0
  285           0
  286           0
  287           0
  288           0
  289           0
  290           0
  291           0
  292           0
  293           0
  294           0
  295           0
  296           0
  297           0
  298           0
  299           0
  300           0
Indexing numbers of gases for continua:
     Index of water =     1
*END
