File setting a standard set of 48 combinations of pressure and temperature
used to generate gaseous transmission data using correlated-k methods..
*PTVAL
1.00e0 200. 300. 400. 500. 600. 800. 1000. 1300. 1600. 2000. 2400. 2800. 3200.
1.00e1 200. 300. 400. 500. 600. 800. 1000. 1300. 1600. 2000. 2400. 2800. 3200.
1.00e2 200. 300. 400. 500. 600. 800. 1000. 1300. 1600. 2000. 2400. 2800. 3200.
1.00e3 200. 300. 400. 500. 600. 800. 1000. 1300. 1600. 2000. 2400. 2800. 3200.
1.00e4 200. 300. 400. 500. 600. 800. 1000. 1300. 1600. 2000. 2400. 2800. 3200.
1.00e5 200. 300. 400. 500. 600. 800. 1000. 1300. 1600. 2000. 2400. 2800. 3200.
1.00e6 200. 300. 400. 500. 600. 800. 1000. 1300. 1600. 2000. 2400. 2800. 3200.
*END
