*FILE TYPE =     4

Fitted gaseous transmissions and k-terms.
      in band     1: for absorber index     2
      at pressure  1.000E+00 Pa, and temperature  2.000E+02 K.


     Amount of absorber       Actual transmittance     Fitted transmittance
         kg/m2
          0.000000000E+00          1.000000000E+00          1.000000000E+00


     Number of terms =     1: Type of scaling =     2: Scaling function =     9
    k-term              Weight              Scaling parameters
     m2/kg
    0.000000000E+00    1.000000000E+00


Lookup table:    7 pressures,   13 temperatures.
 1.000000E+00 2.000000E+02 3.000000E+02 4.000000E+02 5.000000E+02 6.000000E+02
 8.000000E+02 1.000000E+03 1.300000E+03 1.600000E+03 2.000000E+03 2.400000E+03
 2.800000E+03 3.200000E+03
 1.000000E+01 2.000000E+02 3.000000E+02 4.000000E+02 5.000000E+02 6.000000E+02
 8.000000E+02 1.000000E+03 1.300000E+03 1.600000E+03 2.000000E+03 2.400000E+03
 2.800000E+03 3.200000E+03
 1.000000E+02 2.000000E+02 3.000000E+02 4.000000E+02 5.000000E+02 6.000000E+02
 8.000000E+02 1.000000E+03 1.300000E+03 1.600000E+03 2.000000E+03 2.400000E+03
 2.800000E+03 3.200000E+03
 1.000000E+03 2.000000E+02 3.000000E+02 4.000000E+02 5.000000E+02 6.000000E+02
 8.000000E+02 1.000000E+03 1.300000E+03 1.600000E+03 2.000000E+03 2.400000E+03
 2.800000E+03 3.200000E+03
 1.000000E+04 2.000000E+02 3.000000E+02 4.000000E+02 5.000000E+02 6.000000E+02
 8.000000E+02 1.000000E+03 1.300000E+03 1.600000E+03 2.000000E+03 2.400000E+03
 2.800000E+03 3.200000E+03
 1.000000E+05 2.000000E+02 3.000000E+02 4.000000E+02 5.000000E+02 6.000000E+02
 8.000000E+02 1.000000E+03 1.300000E+03 1.600000E+03 2.000000E+03 2.400000E+03
 2.800000E+03 3.200000E+03
 1.000000E+06 2.000000E+02 3.000000E+02 4.000000E+02 5.000000E+02 6.000000E+02
 8.000000E+02 1.000000E+03 1.300000E+03 1.600000E+03 2.000000E+03 2.400000E+03
 2.800000E+03 3.200000E+03

Band:    1, gas:    2, k-terms:    1
 0.000000E+00 0.000000E+00 0.000000E+00 0.000000E+00 0.000000E+00 0.000000E+00
 0.000000E+00 0.000000E+00 0.000000E+00 0.000000E+00 0.000000E+00 0.000000E+00
 0.000000E+00
 0.000000E+00 0.000000E+00 0.000000E+00 0.000000E+00 0.000000E+00 0.000000E+00
 0.000000E+00 0.000000E+00 0.000000E+00 0.000000E+00 0.000000E+00 0.000000E+00
 0.000000E+00
 0.000000E+00 0.000000E+00 0.000000E+00 0.000000E+00 0.000000E+00 0.000000E+00
 0.000000E+00 0.000000E+00 0.000000E+00 0.000000E+00 0.000000E+00 0.000000E+00
 0.000000E+00
 0.000000E+00 0.000000E+00 0.000000E+00 0.000000E+00 0.000000E+00 0.000000E+00
 0.000000E+00 0.000000E+00 0.000000E+00 0.000000E+00 0.000000E+00 0.000000E+00
 0.000000E+00
 0.000000E+00 0.000000E+00 0.000000E+00 0.000000E+00 0.000000E+00 0.000000E+00
 0.000000E+00 0.000000E+00 0.000000E+00 0.000000E+00 0.000000E+00 0.000000E+00
 0.000000E+00
 0.000000E+00 0.000000E+00 0.000000E+00 0.000000E+00 0.000000E+00 0.000000E+00
 0.000000E+00 0.000000E+00 0.000000E+00 0.000000E+00 0.000000E+00 0.000000E+00
 0.000000E+00
 0.000000E+00 0.000000E+00 0.000000E+00 0.000000E+00 0.000000E+00 0.000000E+00
 0.000000E+00 0.000000E+00 0.000000E+00 0.000000E+00 0.000000E+00 0.000000E+00
 0.000000E+00
*FILE TYPE =     4

Fitted gaseous transmissions and k-terms.
      in band     2: for absorber index     2
      at pressure  1.000E+00 Pa, and temperature  2.000E+02 K.


     Amount of absorber       Actual transmittance     Fitted transmittance
         kg/m2
          0.000000000E+00          1.000000000E+00          1.000000000E+00


     Number of terms =     1: Type of scaling =     2: Scaling function =     9
    k-term              Weight              Scaling parameters
     m2/kg
    0.000000000E+00    1.000000000E+00


Lookup table:    7 pressures,   13 temperatures.
 1.000000E+00 2.000000E+02 3.000000E+02 4.000000E+02 5.000000E+02 6.000000E+02
 8.000000E+02 1.000000E+03 1.300000E+03 1.600000E+03 2.000000E+03 2.400000E+03
 2.800000E+03 3.200000E+03
 1.000000E+01 2.000000E+02 3.000000E+02 4.000000E+02 5.000000E+02 6.000000E+02
 8.000000E+02 1.000000E+03 1.300000E+03 1.600000E+03 2.000000E+03 2.400000E+03
 2.800000E+03 3.200000E+03
 1.000000E+02 2.000000E+02 3.000000E+02 4.000000E+02 5.000000E+02 6.000000E+02
 8.000000E+02 1.000000E+03 1.300000E+03 1.600000E+03 2.000000E+03 2.400000E+03
 2.800000E+03 3.200000E+03
 1.000000E+03 2.000000E+02 3.000000E+02 4.000000E+02 5.000000E+02 6.000000E+02
 8.000000E+02 1.000000E+03 1.300000E+03 1.600000E+03 2.000000E+03 2.400000E+03
 2.800000E+03 3.200000E+03
 1.000000E+04 2.000000E+02 3.000000E+02 4.000000E+02 5.000000E+02 6.000000E+02
 8.000000E+02 1.000000E+03 1.300000E+03 1.600000E+03 2.000000E+03 2.400000E+03
 2.800000E+03 3.200000E+03
 1.000000E+05 2.000000E+02 3.000000E+02 4.000000E+02 5.000000E+02 6.000000E+02
 8.000000E+02 1.000000E+03 1.300000E+03 1.600000E+03 2.000000E+03 2.400000E+03
 2.800000E+03 3.200000E+03
 1.000000E+06 2.000000E+02 3.000000E+02 4.000000E+02 5.000000E+02 6.000000E+02
 8.000000E+02 1.000000E+03 1.300000E+03 1.600000E+03 2.000000E+03 2.400000E+03
 2.800000E+03 3.200000E+03

Band:    2, gas:    2, k-terms:    1
 0.000000E+00 0.000000E+00 0.000000E+00 0.000000E+00 0.000000E+00 0.000000E+00
 0.000000E+00 0.000000E+00 0.000000E+00 0.000000E+00 0.000000E+00 0.000000E+00
 0.000000E+00
 0.000000E+00 0.000000E+00 0.000000E+00 0.000000E+00 0.000000E+00 0.000000E+00
 0.000000E+00 0.000000E+00 0.000000E+00 0.000000E+00 0.000000E+00 0.000000E+00
 0.000000E+00
 0.000000E+00 0.000000E+00 0.000000E+00 0.000000E+00 0.000000E+00 0.000000E+00
 0.000000E+00 0.000000E+00 0.000000E+00 0.000000E+00 0.000000E+00 0.000000E+00
 0.000000E+00
 0.000000E+00 0.000000E+00 0.000000E+00 0.000000E+00 0.000000E+00 0.000000E+00
 0.000000E+00 0.000000E+00 0.000000E+00 0.000000E+00 0.000000E+00 0.000000E+00
 0.000000E+00
 0.000000E+00 0.000000E+00 0.000000E+00 0.000000E+00 0.000000E+00 0.000000E+00
 0.000000E+00 0.000000E+00 0.000000E+00 0.000000E+00 0.000000E+00 0.000000E+00
 0.000000E+00
 0.000000E+00 0.000000E+00 0.000000E+00 0.000000E+00 0.000000E+00 0.000000E+00
 0.000000E+00 0.000000E+00 0.000000E+00 0.000000E+00 0.000000E+00 0.000000E+00
 0.000000E+00
 0.000000E+00 0.000000E+00 0.000000E+00 0.000000E+00 0.000000E+00 0.000000E+00
 0.000000E+00 0.000000E+00 0.000000E+00 0.000000E+00 0.000000E+00 0.000000E+00
 0.000000E+00
*FILE TYPE =     4

Fitted gaseous transmissions and k-terms.
      in band     3: for absorber index     2
      at pressure  1.000E+00 Pa, and temperature  2.000E+02 K.


     Amount of absorber       Actual transmittance     Fitted transmittance
         kg/m2
          0.000000000E+00          1.000000000E+00          1.000000000E+00


     Number of terms =     1: Type of scaling =     2: Scaling function =     9
    k-term              Weight              Scaling parameters
     m2/kg
    0.000000000E+00    1.000000000E+00


Lookup table:    7 pressures,   13 temperatures.
 1.000000E+00 2.000000E+02 3.000000E+02 4.000000E+02 5.000000E+02 6.000000E+02
 8.000000E+02 1.000000E+03 1.300000E+03 1.600000E+03 2.000000E+03 2.400000E+03
 2.800000E+03 3.200000E+03
 1.000000E+01 2.000000E+02 3.000000E+02 4.000000E+02 5.000000E+02 6.000000E+02
 8.000000E+02 1.000000E+03 1.300000E+03 1.600000E+03 2.000000E+03 2.400000E+03
 2.800000E+03 3.200000E+03
 1.000000E+02 2.000000E+02 3.000000E+02 4.000000E+02 5.000000E+02 6.000000E+02
 8.000000E+02 1.000000E+03 1.300000E+03 1.600000E+03 2.000000E+03 2.400000E+03
 2.800000E+03 3.200000E+03
 1.000000E+03 2.000000E+02 3.000000E+02 4.000000E+02 5.000000E+02 6.000000E+02
 8.000000E+02 1.000000E+03 1.300000E+03 1.600000E+03 2.000000E+03 2.400000E+03
 2.800000E+03 3.200000E+03
 1.000000E+04 2.000000E+02 3.000000E+02 4.000000E+02 5.000000E+02 6.000000E+02
 8.000000E+02 1.000000E+03 1.300000E+03 1.600000E+03 2.000000E+03 2.400000E+03
 2.800000E+03 3.200000E+03
 1.000000E+05 2.000000E+02 3.000000E+02 4.000000E+02 5.000000E+02 6.000000E+02
 8.000000E+02 1.000000E+03 1.300000E+03 1.600000E+03 2.000000E+03 2.400000E+03
 2.800000E+03 3.200000E+03
 1.000000E+06 2.000000E+02 3.000000E+02 4.000000E+02 5.000000E+02 6.000000E+02
 8.000000E+02 1.000000E+03 1.300000E+03 1.600000E+03 2.000000E+03 2.400000E+03
 2.800000E+03 3.200000E+03

Band:    3, gas:    2, k-terms:    1
 0.000000E+00 0.000000E+00 0.000000E+00 0.000000E+00 0.000000E+00 0.000000E+00
 0.000000E+00 0.000000E+00 0.000000E+00 0.000000E+00 0.000000E+00 0.000000E+00
 0.000000E+00
 0.000000E+00 0.000000E+00 0.000000E+00 0.000000E+00 0.000000E+00 0.000000E+00
 0.000000E+00 0.000000E+00 0.000000E+00 0.000000E+00 0.000000E+00 0.000000E+00
 0.000000E+00
 0.000000E+00 0.000000E+00 0.000000E+00 0.000000E+00 0.000000E+00 0.000000E+00
 0.000000E+00 0.000000E+00 0.000000E+00 0.000000E+00 0.000000E+00 0.000000E+00
 0.000000E+00
 0.000000E+00 0.000000E+00 0.000000E+00 0.000000E+00 0.000000E+00 0.000000E+00
 0.000000E+00 0.000000E+00 0.000000E+00 0.000000E+00 0.000000E+00 0.000000E+00
 0.000000E+00
 0.000000E+00 0.000000E+00 0.000000E+00 0.000000E+00 0.000000E+00 0.000000E+00
 0.000000E+00 0.000000E+00 0.000000E+00 0.000000E+00 0.000000E+00 0.000000E+00
 0.000000E+00
 0.000000E+00 0.000000E+00 0.000000E+00 0.000000E+00 0.000000E+00 0.000000E+00
 0.000000E+00 0.000000E+00 0.000000E+00 0.000000E+00 0.000000E+00 0.000000E+00
 0.000000E+00
 0.000000E+00 0.000000E+00 0.000000E+00 0.000000E+00 0.000000E+00 0.000000E+00
 0.000000E+00 0.000000E+00 0.000000E+00 0.000000E+00 0.000000E+00 0.000000E+00
 0.000000E+00
*FILE TYPE =     4

Fitted gaseous transmissions and k-terms.
      in band     4: for absorber index     2
      at pressure  1.000E+00 Pa, and temperature  2.000E+02 K.


     Amount of absorber       Actual transmittance     Fitted transmittance
         kg/m2
          0.000000000E+00          1.000000000E+00          1.000000000E+00


     Number of terms =     1: Type of scaling =     2: Scaling function =     9
    k-term              Weight              Scaling parameters
     m2/kg
    0.000000000E+00    1.000000000E+00


Lookup table:    7 pressures,   13 temperatures.
 1.000000E+00 2.000000E+02 3.000000E+02 4.000000E+02 5.000000E+02 6.000000E+02
 8.000000E+02 1.000000E+03 1.300000E+03 1.600000E+03 2.000000E+03 2.400000E+03
 2.800000E+03 3.200000E+03
 1.000000E+01 2.000000E+02 3.000000E+02 4.000000E+02 5.000000E+02 6.000000E+02
 8.000000E+02 1.000000E+03 1.300000E+03 1.600000E+03 2.000000E+03 2.400000E+03
 2.800000E+03 3.200000E+03
 1.000000E+02 2.000000E+02 3.000000E+02 4.000000E+02 5.000000E+02 6.000000E+02
 8.000000E+02 1.000000E+03 1.300000E+03 1.600000E+03 2.000000E+03 2.400000E+03
 2.800000E+03 3.200000E+03
 1.000000E+03 2.000000E+02 3.000000E+02 4.000000E+02 5.000000E+02 6.000000E+02
 8.000000E+02 1.000000E+03 1.300000E+03 1.600000E+03 2.000000E+03 2.400000E+03
 2.800000E+03 3.200000E+03
 1.000000E+04 2.000000E+02 3.000000E+02 4.000000E+02 5.000000E+02 6.000000E+02
 8.000000E+02 1.000000E+03 1.300000E+03 1.600000E+03 2.000000E+03 2.400000E+03
 2.800000E+03 3.200000E+03
 1.000000E+05 2.000000E+02 3.000000E+02 4.000000E+02 5.000000E+02 6.000000E+02
 8.000000E+02 1.000000E+03 1.300000E+03 1.600000E+03 2.000000E+03 2.400000E+03
 2.800000E+03 3.200000E+03
 1.000000E+06 2.000000E+02 3.000000E+02 4.000000E+02 5.000000E+02 6.000000E+02
 8.000000E+02 1.000000E+03 1.300000E+03 1.600000E+03 2.000000E+03 2.400000E+03
 2.800000E+03 3.200000E+03

Band:    4, gas:    2, k-terms:    1
 0.000000E+00 0.000000E+00 0.000000E+00 0.000000E+00 0.000000E+00 0.000000E+00
 0.000000E+00 0.000000E+00 0.000000E+00 0.000000E+00 0.000000E+00 0.000000E+00
 0.000000E+00
 0.000000E+00 0.000000E+00 0.000000E+00 0.000000E+00 0.000000E+00 0.000000E+00
 0.000000E+00 0.000000E+00 0.000000E+00 0.000000E+00 0.000000E+00 0.000000E+00
 0.000000E+00
 0.000000E+00 0.000000E+00 0.000000E+00 0.000000E+00 0.000000E+00 0.000000E+00
 0.000000E+00 0.000000E+00 0.000000E+00 0.000000E+00 0.000000E+00 0.000000E+00
 0.000000E+00
 0.000000E+00 0.000000E+00 0.000000E+00 0.000000E+00 0.000000E+00 0.000000E+00
 0.000000E+00 0.000000E+00 0.000000E+00 0.000000E+00 0.000000E+00 0.000000E+00
 0.000000E+00
 0.000000E+00 0.000000E+00 0.000000E+00 0.000000E+00 0.000000E+00 0.000000E+00
 0.000000E+00 0.000000E+00 0.000000E+00 0.000000E+00 0.000000E+00 0.000000E+00
 0.000000E+00
 0.000000E+00 0.000000E+00 0.000000E+00 0.000000E+00 0.000000E+00 0.000000E+00
 0.000000E+00 0.000000E+00 0.000000E+00 0.000000E+00 0.000000E+00 0.000000E+00
 0.000000E+00
 0.000000E+00 0.000000E+00 0.000000E+00 0.000000E+00 0.000000E+00 0.000000E+00
 0.000000E+00 0.000000E+00 0.000000E+00 0.000000E+00 0.000000E+00 0.000000E+00
 0.000000E+00
*FILE TYPE =     4

Fitted gaseous transmissions and k-terms.
      in band     5: for absorber index     2
      at pressure  1.000E+00 Pa, and temperature  2.000E+02 K.


     Amount of absorber       Actual transmittance     Fitted transmittance
         kg/m2
          0.000000000E+00          1.000000000E+00          1.000000000E+00


     Number of terms =     1: Type of scaling =     2: Scaling function =     9
    k-term              Weight              Scaling parameters
     m2/kg
    0.000000000E+00    1.000000000E+00


Lookup table:    7 pressures,   13 temperatures.
 1.000000E+00 2.000000E+02 3.000000E+02 4.000000E+02 5.000000E+02 6.000000E+02
 8.000000E+02 1.000000E+03 1.300000E+03 1.600000E+03 2.000000E+03 2.400000E+03
 2.800000E+03 3.200000E+03
 1.000000E+01 2.000000E+02 3.000000E+02 4.000000E+02 5.000000E+02 6.000000E+02
 8.000000E+02 1.000000E+03 1.300000E+03 1.600000E+03 2.000000E+03 2.400000E+03
 2.800000E+03 3.200000E+03
 1.000000E+02 2.000000E+02 3.000000E+02 4.000000E+02 5.000000E+02 6.000000E+02
 8.000000E+02 1.000000E+03 1.300000E+03 1.600000E+03 2.000000E+03 2.400000E+03
 2.800000E+03 3.200000E+03
 1.000000E+03 2.000000E+02 3.000000E+02 4.000000E+02 5.000000E+02 6.000000E+02
 8.000000E+02 1.000000E+03 1.300000E+03 1.600000E+03 2.000000E+03 2.400000E+03
 2.800000E+03 3.200000E+03
 1.000000E+04 2.000000E+02 3.000000E+02 4.000000E+02 5.000000E+02 6.000000E+02
 8.000000E+02 1.000000E+03 1.300000E+03 1.600000E+03 2.000000E+03 2.400000E+03
 2.800000E+03 3.200000E+03
 1.000000E+05 2.000000E+02 3.000000E+02 4.000000E+02 5.000000E+02 6.000000E+02
 8.000000E+02 1.000000E+03 1.300000E+03 1.600000E+03 2.000000E+03 2.400000E+03
 2.800000E+03 3.200000E+03
 1.000000E+06 2.000000E+02 3.000000E+02 4.000000E+02 5.000000E+02 6.000000E+02
 8.000000E+02 1.000000E+03 1.300000E+03 1.600000E+03 2.000000E+03 2.400000E+03
 2.800000E+03 3.200000E+03

Band:    5, gas:    2, k-terms:    1
 0.000000E+00 0.000000E+00 0.000000E+00 0.000000E+00 0.000000E+00 0.000000E+00
 0.000000E+00 0.000000E+00 0.000000E+00 0.000000E+00 0.000000E+00 0.000000E+00
 0.000000E+00
 0.000000E+00 0.000000E+00 0.000000E+00 0.000000E+00 0.000000E+00 0.000000E+00
 0.000000E+00 0.000000E+00 0.000000E+00 0.000000E+00 0.000000E+00 0.000000E+00
 0.000000E+00
 0.000000E+00 0.000000E+00 0.000000E+00 0.000000E+00 0.000000E+00 0.000000E+00
 0.000000E+00 0.000000E+00 0.000000E+00 0.000000E+00 0.000000E+00 0.000000E+00
 0.000000E+00
 0.000000E+00 0.000000E+00 0.000000E+00 0.000000E+00 0.000000E+00 0.000000E+00
 0.000000E+00 0.000000E+00 0.000000E+00 0.000000E+00 0.000000E+00 0.000000E+00
 0.000000E+00
 0.000000E+00 0.000000E+00 0.000000E+00 0.000000E+00 0.000000E+00 0.000000E+00
 0.000000E+00 0.000000E+00 0.000000E+00 0.000000E+00 0.000000E+00 0.000000E+00
 0.000000E+00
 0.000000E+00 0.000000E+00 0.000000E+00 0.000000E+00 0.000000E+00 0.000000E+00
 0.000000E+00 0.000000E+00 0.000000E+00 0.000000E+00 0.000000E+00 0.000000E+00
 0.000000E+00
 0.000000E+00 0.000000E+00 0.000000E+00 0.000000E+00 0.000000E+00 0.000000E+00
 0.000000E+00 0.000000E+00 0.000000E+00 0.000000E+00 0.000000E+00 0.000000E+00
 0.000000E+00
*FILE TYPE =     4

Fitted gaseous transmissions and k-terms.
      in band     6: for absorber index     2
      at pressure  1.000E+00 Pa, and temperature  2.000E+02 K.


     Amount of absorber       Actual transmittance     Fitted transmittance
         kg/m2
          0.000000000E+00          1.000000000E+00          1.000000000E+00


     Number of terms =     1: Type of scaling =     2: Scaling function =     9
    k-term              Weight              Scaling parameters
     m2/kg
    0.000000000E+00    1.000000000E+00


Lookup table:    7 pressures,   13 temperatures.
 1.000000E+00 2.000000E+02 3.000000E+02 4.000000E+02 5.000000E+02 6.000000E+02
 8.000000E+02 1.000000E+03 1.300000E+03 1.600000E+03 2.000000E+03 2.400000E+03
 2.800000E+03 3.200000E+03
 1.000000E+01 2.000000E+02 3.000000E+02 4.000000E+02 5.000000E+02 6.000000E+02
 8.000000E+02 1.000000E+03 1.300000E+03 1.600000E+03 2.000000E+03 2.400000E+03
 2.800000E+03 3.200000E+03
 1.000000E+02 2.000000E+02 3.000000E+02 4.000000E+02 5.000000E+02 6.000000E+02
 8.000000E+02 1.000000E+03 1.300000E+03 1.600000E+03 2.000000E+03 2.400000E+03
 2.800000E+03 3.200000E+03
 1.000000E+03 2.000000E+02 3.000000E+02 4.000000E+02 5.000000E+02 6.000000E+02
 8.000000E+02 1.000000E+03 1.300000E+03 1.600000E+03 2.000000E+03 2.400000E+03
 2.800000E+03 3.200000E+03
 1.000000E+04 2.000000E+02 3.000000E+02 4.000000E+02 5.000000E+02 6.000000E+02
 8.000000E+02 1.000000E+03 1.300000E+03 1.600000E+03 2.000000E+03 2.400000E+03
 2.800000E+03 3.200000E+03
 1.000000E+05 2.000000E+02 3.000000E+02 4.000000E+02 5.000000E+02 6.000000E+02
 8.000000E+02 1.000000E+03 1.300000E+03 1.600000E+03 2.000000E+03 2.400000E+03
 2.800000E+03 3.200000E+03
 1.000000E+06 2.000000E+02 3.000000E+02 4.000000E+02 5.000000E+02 6.000000E+02
 8.000000E+02 1.000000E+03 1.300000E+03 1.600000E+03 2.000000E+03 2.400000E+03
 2.800000E+03 3.200000E+03

Band:    6, gas:    2, k-terms:    1
 0.000000E+00 0.000000E+00 0.000000E+00 0.000000E+00 0.000000E+00 0.000000E+00
 0.000000E+00 0.000000E+00 0.000000E+00 0.000000E+00 0.000000E+00 0.000000E+00
 0.000000E+00
 0.000000E+00 0.000000E+00 0.000000E+00 0.000000E+00 0.000000E+00 0.000000E+00
 0.000000E+00 0.000000E+00 0.000000E+00 0.000000E+00 0.000000E+00 0.000000E+00
 0.000000E+00
 0.000000E+00 0.000000E+00 0.000000E+00 0.000000E+00 0.000000E+00 0.000000E+00
 0.000000E+00 0.000000E+00 0.000000E+00 0.000000E+00 0.000000E+00 0.000000E+00
 0.000000E+00
 0.000000E+00 0.000000E+00 0.000000E+00 0.000000E+00 0.000000E+00 0.000000E+00
 0.000000E+00 0.000000E+00 0.000000E+00 0.000000E+00 0.000000E+00 0.000000E+00
 0.000000E+00
 0.000000E+00 0.000000E+00 0.000000E+00 0.000000E+00 0.000000E+00 0.000000E+00
 0.000000E+00 0.000000E+00 0.000000E+00 0.000000E+00 0.000000E+00 0.000000E+00
 0.000000E+00
 0.000000E+00 0.000000E+00 0.000000E+00 0.000000E+00 0.000000E+00 0.000000E+00
 0.000000E+00 0.000000E+00 0.000000E+00 0.000000E+00 0.000000E+00 0.000000E+00
 0.000000E+00
 0.000000E+00 0.000000E+00 0.000000E+00 0.000000E+00 0.000000E+00 0.000000E+00
 0.000000E+00 0.000000E+00 0.000000E+00 0.000000E+00 0.000000E+00 0.000000E+00
 0.000000E+00
*FILE TYPE =     4

Fitted gaseous transmissions and k-terms.
      in band     7: for absorber index     2
      at pressure  1.000E+00 Pa, and temperature  2.000E+02 K.


     Amount of absorber       Actual transmittance     Fitted transmittance
         kg/m2
          4.315602570E+06          9.901257745E-01          9.900000000E-01
          2.077402843E+04          9.999516248E-01          9.999516218E-01
          1.000000000E+02          9.999997671E-01          9.999997671E-01


     Number of terms =     1: Type of scaling =     2: Scaling function =     9
    k-term              Weight              Scaling parameters
     m2/kg
    2.328837211E-09    1.000000000E+00


Lookup table:    7 pressures,   13 temperatures.
 1.000000E+00 2.000000E+02 3.000000E+02 4.000000E+02 5.000000E+02 6.000000E+02
 8.000000E+02 1.000000E+03 1.300000E+03 1.600000E+03 2.000000E+03 2.400000E+03
 2.800000E+03 3.200000E+03
 1.000000E+01 2.000000E+02 3.000000E+02 4.000000E+02 5.000000E+02 6.000000E+02
 8.000000E+02 1.000000E+03 1.300000E+03 1.600000E+03 2.000000E+03 2.400000E+03
 2.800000E+03 3.200000E+03
 1.000000E+02 2.000000E+02 3.000000E+02 4.000000E+02 5.000000E+02 6.000000E+02
 8.000000E+02 1.000000E+03 1.300000E+03 1.600000E+03 2.000000E+03 2.400000E+03
 2.800000E+03 3.200000E+03
 1.000000E+03 2.000000E+02 3.000000E+02 4.000000E+02 5.000000E+02 6.000000E+02
 8.000000E+02 1.000000E+03 1.300000E+03 1.600000E+03 2.000000E+03 2.400000E+03
 2.800000E+03 3.200000E+03
 1.000000E+04 2.000000E+02 3.000000E+02 4.000000E+02 5.000000E+02 6.000000E+02
 8.000000E+02 1.000000E+03 1.300000E+03 1.600000E+03 2.000000E+03 2.400000E+03
 2.800000E+03 3.200000E+03
 1.000000E+05 2.000000E+02 3.000000E+02 4.000000E+02 5.000000E+02 6.000000E+02
 8.000000E+02 1.000000E+03 1.300000E+03 1.600000E+03 2.000000E+03 2.400000E+03
 2.800000E+03 3.200000E+03
 1.000000E+06 2.000000E+02 3.000000E+02 4.000000E+02 5.000000E+02 6.000000E+02
 8.000000E+02 1.000000E+03 1.300000E+03 1.600000E+03 2.000000E+03 2.400000E+03
 2.800000E+03 3.200000E+03

Band:    7, gas:    2, k-terms:    1
 2.659472E-21 2.415810E-18 5.388623E-17 2.821762E-16 7.309508E-16 1.786388E-15
 2.329222E-15 1.626836E-14 7.906203E-15 8.467150E-14 1.583415E-14 4.782227E-15
 4.375192E-15
 2.659472E-20 2.415810E-17 5.388623E-16 2.821762E-15 7.309508E-15 1.786388E-14
 2.329222E-14 1.626836E-13 7.906203E-14 8.467150E-13 1.583415E-13 4.782227E-14
 4.375192E-14
 2.659472E-19 2.415810E-16 5.388623E-15 2.821762E-14 7.309508E-14 1.786388E-13
 2.329222E-13 1.626836E-12 7.906203E-13 8.467150E-12 1.583415E-12 4.782227E-13
 4.375192E-13
 2.659472E-18 2.415810E-15 5.388623E-14 2.821761E-13 7.309508E-13 1.786388E-12
 2.329222E-12 1.626836E-11 7.906203E-12 8.467150E-11 1.583415E-11 4.782227E-12
 4.375192E-12
 2.659472E-17 2.415810E-14 5.388622E-13 2.821761E-12 7.309508E-12 1.786388E-11
 2.329222E-11 1.626836E-10 7.906203E-11 8.467150E-10 1.583415E-10 4.782227E-11
 4.375192E-11
 2.659427E-16 2.415787E-13 5.388589E-12 2.821749E-11 7.309483E-11 1.786384E-10
 2.329218E-10 1.626835E-09 7.906197E-10 8.467145E-09 1.583414E-09 4.782225E-10
 4.375191E-10
 2.654948E-15 2.413513E-12 5.385243E-11 2.820482E-10 7.306966E-10 1.785980E-09
 2.328837E-09 1.626654E-08 7.905547E-09 8.466643E-08 1.583342E-08 4.782052E-09
 4.375061E-09
*FILE TYPE =     4

Fitted gaseous transmissions and k-terms.
      in band     8: for absorber index     2
      at pressure  1.000E+00 Pa, and temperature  2.000E+02 K.


     Amount of absorber       Actual transmittance     Fitted transmittance
         kg/m2
          8.263758803E+03          9.902792871E-01          9.900000000E-01
          9.090521879E+02          9.988985040E-01          9.988950269E-01
          1.000000000E+02          9.998784302E-01          9.998783880E-01


     Number of terms =     1: Type of scaling =     2: Scaling function =     9
    k-term              Weight              Scaling parameters
     m2/kg
    1.216194240E-06    1.000000000E+00


Lookup table:    7 pressures,   13 temperatures.
 1.000000E+00 2.000000E+02 3.000000E+02 4.000000E+02 5.000000E+02 6.000000E+02
 8.000000E+02 1.000000E+03 1.300000E+03 1.600000E+03 2.000000E+03 2.400000E+03
 2.800000E+03 3.200000E+03
 1.000000E+01 2.000000E+02 3.000000E+02 4.000000E+02 5.000000E+02 6.000000E+02
 8.000000E+02 1.000000E+03 1.300000E+03 1.600000E+03 2.000000E+03 2.400000E+03
 2.800000E+03 3.200000E+03
 1.000000E+02 2.000000E+02 3.000000E+02 4.000000E+02 5.000000E+02 6.000000E+02
 8.000000E+02 1.000000E+03 1.300000E+03 1.600000E+03 2.000000E+03 2.400000E+03
 2.800000E+03 3.200000E+03
 1.000000E+03 2.000000E+02 3.000000E+02 4.000000E+02 5.000000E+02 6.000000E+02
 8.000000E+02 1.000000E+03 1.300000E+03 1.600000E+03 2.000000E+03 2.400000E+03
 2.800000E+03 3.200000E+03
 1.000000E+04 2.000000E+02 3.000000E+02 4.000000E+02 5.000000E+02 6.000000E+02
 8.000000E+02 1.000000E+03 1.300000E+03 1.600000E+03 2.000000E+03 2.400000E+03
 2.800000E+03 3.200000E+03
 1.000000E+05 2.000000E+02 3.000000E+02 4.000000E+02 5.000000E+02 6.000000E+02
 8.000000E+02 1.000000E+03 1.300000E+03 1.600000E+03 2.000000E+03 2.400000E+03
 2.800000E+03 3.200000E+03
 1.000000E+06 2.000000E+02 3.000000E+02 4.000000E+02 5.000000E+02 6.000000E+02
 8.000000E+02 1.000000E+03 1.300000E+03 1.600000E+03 2.000000E+03 2.400000E+03
 2.800000E+03 3.200000E+03

Band:    8, gas:    2, k-terms:    1
 7.558329E-13 1.345532E-09 4.264411E-08 2.735457E-07 7.977459E-07 2.153606E-06
 2.979366E-06 8.039238E-06 6.896536E-06 9.238768E-06 8.488005E-06 6.288714E-06
 6.250582E-06
 7.878914E-13 1.348408E-09 4.239548E-08 2.715223E-07 7.920721E-07 2.142110E-06
 2.967574E-06 8.051804E-06 6.896877E-06 9.347115E-06 8.507231E-06 6.289711E-06
 6.251834E-06
 8.658343E-13 1.296597E-09 3.939693E-08 2.512708E-07 7.375008E-07 2.032295E-06
 2.854206E-06 8.174698E-06 6.899520E-06 1.037560E-05 8.695834E-06 6.299116E-06
 6.263782E-06
 4.325636E-13 6.551400E-10 2.059739E-08 1.384354E-07 4.328793E-07 1.358752E-06
 2.095756E-06 9.106297E-06 6.857616E-06 1.712444E-05 1.024452E-05 6.342638E-06
 6.332801E-06
 3.239803E-13 4.416983E-10 1.283883E-08 8.187873E-08 2.483534E-07 7.714598E-07
 1.211429E-06 9.531690E-06 5.771757E-06 3.769255E-05 1.360289E-05 5.574519E-06
 5.681965E-06
 3.535885E-13 4.523921E-10 1.293428E-08 8.168832E-08 2.457857E-07 7.568058E-07
 1.176241E-06 9.918118E-06 5.681417E-06 6.359479E-05 1.511000E-05 5.231664E-06
 5.283684E-06
 6.518981E-13 5.772272E-10 1.487628E-08 8.980953E-08 2.637223E-07 7.921124E-07
 1.216190E-06 1.028054E-05 5.844510E-06 7.225786E-05 1.572251E-05 5.337693E-06
 5.389388E-06
*FILE TYPE =     4

Fitted gaseous transmissions and k-terms.
      in band     9: for absorber index     2
      at pressure  1.000E+00 Pa, and temperature  2.000E+02 K.


     Amount of absorber       Actual transmittance     Fitted transmittance
         kg/m2
          7.767422172E+02          9.900088103E-01          9.900000000E-01
          2.787009539E+02          9.964015001E-01          9.964003581E-01
          1.000000000E+02          9.987070753E-01          9.987069279E-01


     Number of terms =     1: Type of scaling =     2: Scaling function =     9
    k-term              Weight              Scaling parameters
     m2/kg
    1.293908794E-05    1.000000000E+00


Lookup table:    7 pressures,   13 temperatures.
 1.000000E+00 2.000000E+02 3.000000E+02 4.000000E+02 5.000000E+02 6.000000E+02
 8.000000E+02 1.000000E+03 1.300000E+03 1.600000E+03 2.000000E+03 2.400000E+03
 2.800000E+03 3.200000E+03
 1.000000E+01 2.000000E+02 3.000000E+02 4.000000E+02 5.000000E+02 6.000000E+02
 8.000000E+02 1.000000E+03 1.300000E+03 1.600000E+03 2.000000E+03 2.400000E+03
 2.800000E+03 3.200000E+03
 1.000000E+02 2.000000E+02 3.000000E+02 4.000000E+02 5.000000E+02 6.000000E+02
 8.000000E+02 1.000000E+03 1.300000E+03 1.600000E+03 2.000000E+03 2.400000E+03
 2.800000E+03 3.200000E+03
 1.000000E+03 2.000000E+02 3.000000E+02 4.000000E+02 5.000000E+02 6.000000E+02
 8.000000E+02 1.000000E+03 1.300000E+03 1.600000E+03 2.000000E+03 2.400000E+03
 2.800000E+03 3.200000E+03
 1.000000E+04 2.000000E+02 3.000000E+02 4.000000E+02 5.000000E+02 6.000000E+02
 8.000000E+02 1.000000E+03 1.300000E+03 1.600000E+03 2.000000E+03 2.400000E+03
 2.800000E+03 3.200000E+03
 1.000000E+05 2.000000E+02 3.000000E+02 4.000000E+02 5.000000E+02 6.000000E+02
 8.000000E+02 1.000000E+03 1.300000E+03 1.600000E+03 2.000000E+03 2.400000E+03
 2.800000E+03 3.200000E+03
 1.000000E+06 2.000000E+02 3.000000E+02 4.000000E+02 5.000000E+02 6.000000E+02
 8.000000E+02 1.000000E+03 1.300000E+03 1.600000E+03 2.000000E+03 2.400000E+03
 2.800000E+03 3.200000E+03

Band:    9, gas:    2, k-terms:    1
 6.443155E-11 3.657174E-08 6.482176E-07 2.794864E-06 5.868589E-06 1.016310E-05
 1.157735E-05 1.938603E-05 1.865439E-05 3.691577E-05 2.899034E-05 2.201479E-05
 2.330917E-05
 6.257699E-11 3.583154E-08 6.387918E-07 2.767685E-06 5.835908E-06 1.015994E-05
 1.159723E-05 1.972319E-05 1.880969E-05 3.795520E-05 2.922644E-05 2.208713E-05
 2.337022E-05
 4.899124E-11 2.987305E-08 5.589711E-07 2.528085E-06 5.538620E-06 1.013215E-05
 1.178922E-05 2.294523E-05 2.031428E-05 4.752280E-05 3.152130E-05 2.279648E-05
 2.397016E-05
 3.699148E-11 1.835802E-08 3.478872E-07 1.735673E-06 4.373146E-06 1.016632E-05
 1.317093E-05 4.548712E-05 3.171205E-05 1.045338E-04 4.951406E-05 2.869464E-05
 2.904934E-05
 3.275497E-11 1.585556E-08 2.933932E-07 1.460574E-06 3.791399E-06 9.805342E-06
 1.382292E-05 8.986340E-05 5.315115E-05 2.967143E-04 1.051136E-04 4.467077E-05
 4.417239E-05
 3.067074E-11 1.498642E-08 2.787645E-07 1.391565E-06 3.616615E-06 9.372507E-06
 1.322703E-05 1.023533E-04 5.586209E-05 5.855966E-04 1.376813E-04 4.703395E-05
 4.681067E-05
 3.571229E-11 1.519563E-08 2.748023E-07 1.361160E-06 3.529266E-06 9.155739E-06
 1.293903E-05 1.018774E-04 5.527332E-05 6.677946E-04 1.404410E-04 4.680790E-05
 4.668078E-05
*FILE TYPE =     4

Fitted gaseous transmissions and k-terms.
      in band    10: for absorber index     2
      at pressure  1.000E+00 Pa, and temperature  2.000E+02 K.


     Amount of absorber       Actual transmittance     Fitted transmittance
         kg/m2
          7.684555281E+02          9.900053248E-01          9.900000000E-01
          2.772103043E+02          9.963817343E-01          9.963810368E-01
          1.000000000E+02          9.986930841E-01          9.986929931E-01


     Number of terms =     1: Type of scaling =     2: Scaling function =     9
    k-term              Weight              Scaling parameters
     m2/kg
    1.307861742E-05    1.000000000E+00


Lookup table:    7 pressures,   13 temperatures.
 1.000000E+00 2.000000E+02 3.000000E+02 4.000000E+02 5.000000E+02 6.000000E+02
 8.000000E+02 1.000000E+03 1.300000E+03 1.600000E+03 2.000000E+03 2.400000E+03
 2.800000E+03 3.200000E+03
 1.000000E+01 2.000000E+02 3.000000E+02 4.000000E+02 5.000000E+02 6.000000E+02
 8.000000E+02 1.000000E+03 1.300000E+03 1.600000E+03 2.000000E+03 2.400000E+03
 2.800000E+03 3.200000E+03
 1.000000E+02 2.000000E+02 3.000000E+02 4.000000E+02 5.000000E+02 6.000000E+02
 8.000000E+02 1.000000E+03 1.300000E+03 1.600000E+03 2.000000E+03 2.400000E+03
 2.800000E+03 3.200000E+03
 1.000000E+03 2.000000E+02 3.000000E+02 4.000000E+02 5.000000E+02 6.000000E+02
 8.000000E+02 1.000000E+03 1.300000E+03 1.600000E+03 2.000000E+03 2.400000E+03
 2.800000E+03 3.200000E+03
 1.000000E+04 2.000000E+02 3.000000E+02 4.000000E+02 5.000000E+02 6.000000E+02
 8.000000E+02 1.000000E+03 1.300000E+03 1.600000E+03 2.000000E+03 2.400000E+03
 2.800000E+03 3.200000E+03
 1.000000E+05 2.000000E+02 3.000000E+02 4.000000E+02 5.000000E+02 6.000000E+02
 8.000000E+02 1.000000E+03 1.300000E+03 1.600000E+03 2.000000E+03 2.400000E+03
 2.800000E+03 3.200000E+03
 1.000000E+06 2.000000E+02 3.000000E+02 4.000000E+02 5.000000E+02 6.000000E+02
 8.000000E+02 1.000000E+03 1.300000E+03 1.600000E+03 2.000000E+03 2.400000E+03
 2.800000E+03 3.200000E+03

Band:   10, gas:    2, k-terms:    1
 3.215054E-10 4.591749E-08 4.838088E-07 1.752506E-06 3.636322E-06 6.905321E-06
 8.200406E-06 2.445283E-05 1.918560E-05 4.480450E-05 3.128952E-05 1.822340E-05
 1.846760E-05
 3.028897E-10 4.443026E-08 4.739228E-07 1.728664E-06 3.603318E-06 6.879590E-06
 8.189225E-06 2.463469E-05 1.924896E-05 4.541298E-05 3.140721E-05 1.824714E-05
 1.848675E-05
 1.927658E-10 3.394759E-08 3.975560E-07 1.534153E-06 3.324416E-06 6.654618E-06
 8.091678E-06 2.637985E-05 1.986066E-05 5.123996E-05 3.255637E-05 1.847921E-05
 1.867450E-05
 1.573765E-10 2.699569E-08 3.105146E-07 1.220419E-06 2.769161E-06 6.161859E-06
 7.990159E-06 3.886086E-05 2.439579E-05 9.460153E-05 4.191624E-05 2.038422E-05
 2.025529E-05
 2.471562E-10 4.742815E-08 5.489615E-07 2.074355E-06 4.502573E-06 9.372428E-06
 1.161695E-05 7.437223E-05 3.898429E-05 2.776856E-04 7.920616E-05 2.829677E-05
 2.737656E-05
 2.488233E-10 4.824836E-08 5.644177E-07 2.162278E-06 4.760036E-06 1.018629E-05
 1.294498E-05 9.210691E-05 4.759732E-05 5.058185E-04 1.107085E-04 3.667518E-05
 3.600852E-05
 2.399042E-10 4.717749E-08 5.574291E-07 2.150222E-06 4.756227E-06 1.025279E-05
 1.307859E-05 9.431328E-05 4.856789E-05 5.641255E-04 1.149901E-04 3.755206E-05
 3.690724E-05
*FILE TYPE =     4

Fitted gaseous transmissions and k-terms.
      in band    11: for absorber index     2
      at pressure  1.000E+00 Pa, and temperature  2.000E+02 K.


     Amount of absorber       Actual transmittance     Fitted transmittance
         kg/m2
          8.956036009E+02          9.900119066E-01          9.900000000E-01
          2.992663698E+02          9.966486479E-01          9.966473084E-01
          1.000000000E+02          9.988785936E-01          9.988784437E-01


     Number of terms =     1: Type of scaling =     2: Scaling function =     9
    k-term              Weight              Scaling parameters
     m2/kg
    1.122185735E-05    1.000000000E+00


Lookup table:    7 pressures,   13 temperatures.
 1.000000E+00 2.000000E+02 3.000000E+02 4.000000E+02 5.000000E+02 6.000000E+02
 8.000000E+02 1.000000E+03 1.300000E+03 1.600000E+03 2.000000E+03 2.400000E+03
 2.800000E+03 3.200000E+03
 1.000000E+01 2.000000E+02 3.000000E+02 4.000000E+02 5.000000E+02 6.000000E+02
 8.000000E+02 1.000000E+03 1.300000E+03 1.600000E+03 2.000000E+03 2.400000E+03
 2.800000E+03 3.200000E+03
 1.000000E+02 2.000000E+02 3.000000E+02 4.000000E+02 5.000000E+02 6.000000E+02
 8.000000E+02 1.000000E+03 1.300000E+03 1.600000E+03 2.000000E+03 2.400000E+03
 2.800000E+03 3.200000E+03
 1.000000E+03 2.000000E+02 3.000000E+02 4.000000E+02 5.000000E+02 6.000000E+02
 8.000000E+02 1.000000E+03 1.300000E+03 1.600000E+03 2.000000E+03 2.400000E+03
 2.800000E+03 3.200000E+03
 1.000000E+04 2.000000E+02 3.000000E+02 4.000000E+02 5.000000E+02 6.000000E+02
 8.000000E+02 1.000000E+03 1.300000E+03 1.600000E+03 2.000000E+03 2.400000E+03
 2.800000E+03 3.200000E+03
 1.000000E+05 2.000000E+02 3.000000E+02 4.000000E+02 5.000000E+02 6.000000E+02
 8.000000E+02 1.000000E+03 1.300000E+03 1.600000E+03 2.000000E+03 2.400000E+03
 2.800000E+03 3.200000E+03
 1.000000E+06 2.000000E+02 3.000000E+02 4.000000E+02 5.000000E+02 6.000000E+02
 8.000000E+02 1.000000E+03 1.300000E+03 1.600000E+03 2.000000E+03 2.400000E+03
 2.800000E+03 3.200000E+03

Band:   11, gas:    2, k-terms:    1
 3.554478E-13 4.638689E-11 4.072235E-10 1.260439E-09 2.395930E-09 6.012355E-09
 2.024950E-08 6.214031E-07 8.538611E-07 1.649926E-05 7.348220E-06 3.816208E-06
 4.929169E-06
 3.554270E-12 4.638531E-10 4.072064E-09 1.259081E-08 2.359040E-08 4.230094E-08
 6.027065E-08 8.688675E-07 9.680010E-07 1.730227E-05 7.528822E-06 3.871859E-06
 4.976027E-06
 3.533562E-11 4.622841E-09 4.062543E-08 1.256678E-07 2.351701E-07 4.029979E-07
 4.572849E-07 3.281807E-06 2.089012E-06 2.476875E-05 9.290596E-06 4.419982E-06
 5.438219E-06
 2.344112E-10 3.541697E-08 3.334954E-07 1.070446E-06 2.041624E-06 3.553337E-06
 3.945207E-06 2.194353E-05 1.138773E-05 7.127681E-05 2.344660E-05 9.163045E-06
 9.493721E-06
 2.609386E-10 4.620242E-08 5.065260E-07 1.860056E-06 3.994657E-06 8.354908E-06
 1.052784E-05 6.532627E-05 3.577285E-05 2.143369E-04 7.028816E-05 2.651992E-05
 2.560955E-05
 2.624248E-10 4.655097E-08 5.100516E-07 1.878994E-06 4.054678E-06 8.592462E-06
 1.099292E-05 7.915547E-05 4.165845E-05 4.285502E-04 9.888836E-05 3.342922E-05
 3.307989E-05
 2.543441E-10 4.639007E-08 5.153104E-07 1.910334E-06 4.132727E-06 8.777481E-06
 1.122181E-05 8.183864E-05 4.269871E-05 4.990307E-04 1.036435E-04 3.421682E-05
 3.388241E-05
*FILE TYPE =     4

Fitted gaseous transmissions and k-terms.
      in band    12: for absorber index     2
      at pressure  1.000E+00 Pa, and temperature  2.000E+02 K.


     Amount of absorber       Actual transmittance     Fitted transmittance
         kg/m2
          8.306323874E+02          9.900246043E-01          9.900000000E-01
          2.882069374E+02          9.965218653E-01          9.965188789E-01
          1.000000000E+02          9.987911303E-01          9.987907698E-01


     Number of terms =     1: Type of scaling =     2: Scaling function =     9
    k-term              Weight              Scaling parameters
     m2/kg
    1.209961953E-05    1.000000000E+00


Lookup table:    7 pressures,   13 temperatures.
 1.000000E+00 2.000000E+02 3.000000E+02 4.000000E+02 5.000000E+02 6.000000E+02
 8.000000E+02 1.000000E+03 1.300000E+03 1.600000E+03 2.000000E+03 2.400000E+03
 2.800000E+03 3.200000E+03
 1.000000E+01 2.000000E+02 3.000000E+02 4.000000E+02 5.000000E+02 6.000000E+02
 8.000000E+02 1.000000E+03 1.300000E+03 1.600000E+03 2.000000E+03 2.400000E+03
 2.800000E+03 3.200000E+03
 1.000000E+02 2.000000E+02 3.000000E+02 4.000000E+02 5.000000E+02 6.000000E+02
 8.000000E+02 1.000000E+03 1.300000E+03 1.600000E+03 2.000000E+03 2.400000E+03
 2.800000E+03 3.200000E+03
 1.000000E+03 2.000000E+02 3.000000E+02 4.000000E+02 5.000000E+02 6.000000E+02
 8.000000E+02 1.000000E+03 1.300000E+03 1.600000E+03 2.000000E+03 2.400000E+03
 2.800000E+03 3.200000E+03
 1.000000E+04 2.000000E+02 3.000000E+02 4.000000E+02 5.000000E+02 6.000000E+02
 8.000000E+02 1.000000E+03 1.300000E+03 1.600000E+03 2.000000E+03 2.400000E+03
 2.800000E+03 3.200000E+03
 1.000000E+05 2.000000E+02 3.000000E+02 4.000000E+02 5.000000E+02 6.000000E+02
 8.000000E+02 1.000000E+03 1.300000E+03 1.600000E+03 2.000000E+03 2.400000E+03
 2.800000E+03 3.200000E+03
 1.000000E+06 2.000000E+02 3.000000E+02 4.000000E+02 5.000000E+02 6.000000E+02
 8.000000E+02 1.000000E+03 1.300000E+03 1.600000E+03 2.000000E+03 2.400000E+03
 2.800000E+03 3.200000E+03

Band:   12, gas:    2, k-terms:    1
 1.022720E-12 1.771963E-09 5.838826E-08 3.860508E-07 1.131021E-06 2.985847E-06
 4.122870E-06 1.067141E-05 1.009156E-05 2.353062E-05 1.848300E-05 1.327670E-05
 1.429872E-05
 2.497675E-12 2.233345E-09 6.396356E-08 4.044022E-07 1.163038E-06 3.030230E-06
 4.166404E-06 1.089343E-05 1.019176E-05 2.404337E-05 1.860369E-05 1.331673E-05
 1.433138E-05
 1.578924E-11 6.318432E-09 1.137758E-07 5.708564E-07 1.458686E-06 3.453900E-06
 4.588342E-06 1.301317E-05 1.116614E-05 2.882802E-05 1.978156E-05 1.371112E-05
 1.465382E-05
 6.886314E-11 2.253310E-08 3.311297E-07 1.390666E-06 3.116972E-06 6.375821E-06
 7.778321E-06 2.786812E-05 1.881500E-05 5.883136E-05 2.935130E-05 1.714198E-05
 1.750958E-05
 8.706248E-11 2.858439E-08 4.249774E-07 1.833538E-06 4.299707E-06 9.688656E-06
 1.251781E-05 6.520665E-05 3.906344E-05 1.584555E-04 6.500862E-05 3.003101E-05
 2.919308E-05
 8.446054E-11 2.795328E-08 4.153460E-07 1.792416E-06 4.207432E-06 9.530214E-06
 1.237167E-05 8.665570E-05 4.542504E-05 3.966183E-04 1.010271E-04 3.471711E-05
 3.396038E-05
 8.167639E-11 2.653249E-08 3.956007E-07 1.716292E-06 4.047538E-06 9.262945E-06
 1.209948E-05 8.826134E-05 4.566716E-05 5.216532E-04 1.078461E-04 3.529530E-05
 3.465443E-05
*FILE TYPE =     4

Fitted gaseous transmissions and k-terms.
      in band    13: for absorber index     2
      at pressure  1.000E+00 Pa, and temperature  2.000E+02 K.


     Amount of absorber       Actual transmittance     Fitted transmittance
         kg/m2
          1.187856233E+03          9.900385708E-01          9.900000000E-01
          3.446529026E+02          9.970914518E-01          9.970881730E-01
          1.000000000E+02          9.991545444E-01          9.991542676E-01


     Number of terms =     1: Type of scaling =     2: Scaling function =     9
    k-term              Weight              Scaling parameters
     m2/kg
    8.460902571E-06    1.000000000E+00


Lookup table:    7 pressures,   13 temperatures.
 1.000000E+00 2.000000E+02 3.000000E+02 4.000000E+02 5.000000E+02 6.000000E+02
 8.000000E+02 1.000000E+03 1.300000E+03 1.600000E+03 2.000000E+03 2.400000E+03
 2.800000E+03 3.200000E+03
 1.000000E+01 2.000000E+02 3.000000E+02 4.000000E+02 5.000000E+02 6.000000E+02
 8.000000E+02 1.000000E+03 1.300000E+03 1.600000E+03 2.000000E+03 2.400000E+03
 2.800000E+03 3.200000E+03
 1.000000E+02 2.000000E+02 3.000000E+02 4.000000E+02 5.000000E+02 6.000000E+02
 8.000000E+02 1.000000E+03 1.300000E+03 1.600000E+03 2.000000E+03 2.400000E+03
 2.800000E+03 3.200000E+03
 1.000000E+03 2.000000E+02 3.000000E+02 4.000000E+02 5.000000E+02 6.000000E+02
 8.000000E+02 1.000000E+03 1.300000E+03 1.600000E+03 2.000000E+03 2.400000E+03
 2.800000E+03 3.200000E+03
 1.000000E+04 2.000000E+02 3.000000E+02 4.000000E+02 5.000000E+02 6.000000E+02
 8.000000E+02 1.000000E+03 1.300000E+03 1.600000E+03 2.000000E+03 2.400000E+03
 2.800000E+03 3.200000E+03
 1.000000E+05 2.000000E+02 3.000000E+02 4.000000E+02 5.000000E+02 6.000000E+02
 8.000000E+02 1.000000E+03 1.300000E+03 1.600000E+03 2.000000E+03 2.400000E+03
 2.800000E+03 3.200000E+03
 1.000000E+06 2.000000E+02 3.000000E+02 4.000000E+02 5.000000E+02 6.000000E+02
 8.000000E+02 1.000000E+03 1.300000E+03 1.600000E+03 2.000000E+03 2.400000E+03
 2.800000E+03 3.200000E+03

Band:   13, gas:    2, k-terms:    1
 1.383661E-14 1.013102E-10 7.524327E-09 8.251519E-08 3.486188E-07 1.487128E-06
 2.604858E-06 7.744883E-06 7.347676E-06 1.438312E-05 1.179691E-05 9.239802E-06
 9.900166E-06
 5.482693E-14 1.466128E-10 8.599697E-09 8.794148E-08 3.612914E-07 1.509773E-06
 2.627410E-06 7.857143E-06 7.404679E-06 1.478249E-05 1.189129E-05 9.271223E-06
 9.927534E-06
 4.393547E-13 5.610188E-10 1.838881E-08 1.375077E-07 4.778176E-07 1.722219E-06
 2.843494E-06 8.951440E-06 7.965209E-06 1.858242E-05 1.281654E-05 9.581876E-06
 1.019862E-05
 1.921427E-12 2.213495E-09 6.050679E-08 3.691871E-07 1.071290E-06 3.023504E-06
 4.391151E-06 1.774468E-05 1.272392E-05 4.555307E-05 2.067890E-05 1.238118E-05
 1.268056E-05
 2.824321E-12 3.192245E-09 8.870814E-08 5.579362E-07 1.680761E-06 5.145091E-06
 7.899584E-06 5.007637E-05 3.151115E-05 1.458821E-04 5.857804E-05 2.686177E-05
 2.641834E-05
 2.905489E-12 3.213640E-09 8.923630E-08 5.646442E-07 1.716419E-06 5.396691E-06
 8.542228E-06 7.183648E-05 4.219974E-05 3.851095E-04 1.086994E-04 3.975582E-05
 4.022539E-05
 3.706971E-12 3.349709E-09 8.944076E-08 5.595233E-07 1.694242E-06 5.332754E-06
 8.460820E-06 7.397033E-05 4.291213E-05 5.374759E-04 1.194675E-04 4.106790E-05
 4.178771E-05
*FILE TYPE =     4

Fitted gaseous transmissions and k-terms.
      in band    14: for absorber index     2
      at pressure  1.000E+00 Pa, and temperature  2.000E+02 K.


     Amount of absorber       Actual transmittance     Fitted transmittance
         kg/m2
          9.317047855E+03          9.900561996E-01          9.900000000E-01
          9.652485615E+02          9.989599371E-01          9.989593245E-01
          1.000000000E+02          9.998921420E-01          9.998921354E-01


     Number of terms =     1: Type of scaling =     2: Scaling function =     9
    k-term              Weight              Scaling parameters
     m2/kg
    1.078703900E-06    1.000000000E+00


Lookup table:    7 pressures,   13 temperatures.
 1.000000E+00 2.000000E+02 3.000000E+02 4.000000E+02 5.000000E+02 6.000000E+02
 8.000000E+02 1.000000E+03 1.300000E+03 1.600000E+03 2.000000E+03 2.400000E+03
 2.800000E+03 3.200000E+03
 1.000000E+01 2.000000E+02 3.000000E+02 4.000000E+02 5.000000E+02 6.000000E+02
 8.000000E+02 1.000000E+03 1.300000E+03 1.600000E+03 2.000000E+03 2.400000E+03
 2.800000E+03 3.200000E+03
 1.000000E+02 2.000000E+02 3.000000E+02 4.000000E+02 5.000000E+02 6.000000E+02
 8.000000E+02 1.000000E+03 1.300000E+03 1.600000E+03 2.000000E+03 2.400000E+03
 2.800000E+03 3.200000E+03
 1.000000E+03 2.000000E+02 3.000000E+02 4.000000E+02 5.000000E+02 6.000000E+02
 8.000000E+02 1.000000E+03 1.300000E+03 1.600000E+03 2.000000E+03 2.400000E+03
 2.800000E+03 3.200000E+03
 1.000000E+04 2.000000E+02 3.000000E+02 4.000000E+02 5.000000E+02 6.000000E+02
 8.000000E+02 1.000000E+03 1.300000E+03 1.600000E+03 2.000000E+03 2.400000E+03
 2.800000E+03 3.200000E+03
 1.000000E+05 2.000000E+02 3.000000E+02 4.000000E+02 5.000000E+02 6.000000E+02
 8.000000E+02 1.000000E+03 1.300000E+03 1.600000E+03 2.000000E+03 2.400000E+03
 2.800000E+03 3.200000E+03
 1.000000E+06 2.000000E+02 3.000000E+02 4.000000E+02 5.000000E+02 6.000000E+02
 8.000000E+02 1.000000E+03 1.300000E+03 1.600000E+03 2.000000E+03 2.400000E+03
 2.800000E+03 3.200000E+03

Band:   14, gas:    2, k-terms:    1
 1.652902E-18 8.140763E-16 1.666710E-14 9.173729E-14 2.575184E-13 7.345698E-13
 1.081327E-12 8.608065E-12 4.582592E-12 5.344359E-11 1.061671E-11 3.354664E-12
 3.179049E-12
 1.652902E-17 8.140763E-15 1.666710E-13 9.173729E-13 2.575184E-12 7.345698E-12
 1.081327E-11 8.608065E-11 4.582592E-11 5.344359E-10 1.061671E-10 3.354664E-11
 3.179049E-11
 1.652902E-16 8.140763E-14 1.666710E-12 9.173729E-12 2.575184E-11 7.345698E-11
 1.081327E-10 8.608065E-10 4.582592E-10 5.344359E-09 1.061671E-09 3.354664E-10
 3.179049E-10
 1.652902E-15 8.140763E-13 1.666710E-11 9.173729E-11 2.575184E-10 7.345698E-10
 1.081327E-09 8.608065E-09 4.582592E-09 5.344359E-08 1.061671E-08 3.354664E-09
 3.179049E-09
 1.652901E-14 8.140761E-12 1.666710E-10 9.173726E-10 2.575183E-09 7.345696E-09
 1.081327E-08 8.608063E-08 4.582591E-08 5.344358E-07 1.061671E-07 3.354663E-08
 3.179049E-08
 1.652861E-13 8.140526E-11 1.666653E-09 9.173404E-09 2.575096E-08 7.345483E-08
 1.081301E-07 8.607901E-07 4.582522E-07 5.344295E-06 1.061661E-06 3.354637E-07
 3.179028E-07
 1.648836E-12 8.117572E-10 1.661117E-08 9.141829E-08 2.566547E-07 7.324514E-07
 1.078706E-06 8.591759E-06 4.575608E-06 5.324702E-05 1.060652E-05 3.351986E-06
 3.176893E-06
*FILE TYPE =     4

Fitted gaseous transmissions and k-terms.
      in band    15: for absorber index     2
      at pressure  1.000E+00 Pa, and temperature  2.000E+02 K.


     Amount of absorber       Actual transmittance     Fitted transmittance
         kg/m2
          7.093889223E+01          9.899996435E-01          9.900000000E-01
          8.422522914E+01          9.881404250E-01          9.881382218E-01
          1.000000000E+02          9.859385938E-01          9.859322918E-01


     Number of terms =     1: Type of scaling =     2: Scaling function =     9
    k-term              Weight              Scaling parameters
     m2/kg
    1.416759627E-04    1.000000000E+00


Lookup table:    7 pressures,   13 temperatures.
 1.000000E+00 2.000000E+02 3.000000E+02 4.000000E+02 5.000000E+02 6.000000E+02
 8.000000E+02 1.000000E+03 1.300000E+03 1.600000E+03 2.000000E+03 2.400000E+03
 2.800000E+03 3.200000E+03
 1.000000E+01 2.000000E+02 3.000000E+02 4.000000E+02 5.000000E+02 6.000000E+02
 8.000000E+02 1.000000E+03 1.300000E+03 1.600000E+03 2.000000E+03 2.400000E+03
 2.800000E+03 3.200000E+03
 1.000000E+02 2.000000E+02 3.000000E+02 4.000000E+02 5.000000E+02 6.000000E+02
 8.000000E+02 1.000000E+03 1.300000E+03 1.600000E+03 2.000000E+03 2.400000E+03
 2.800000E+03 3.200000E+03
 1.000000E+03 2.000000E+02 3.000000E+02 4.000000E+02 5.000000E+02 6.000000E+02
 8.000000E+02 1.000000E+03 1.300000E+03 1.600000E+03 2.000000E+03 2.400000E+03
 2.800000E+03 3.200000E+03
 1.000000E+04 2.000000E+02 3.000000E+02 4.000000E+02 5.000000E+02 6.000000E+02
 8.000000E+02 1.000000E+03 1.300000E+03 1.600000E+03 2.000000E+03 2.400000E+03
 2.800000E+03 3.200000E+03
 1.000000E+05 2.000000E+02 3.000000E+02 4.000000E+02 5.000000E+02 6.000000E+02
 8.000000E+02 1.000000E+03 1.300000E+03 1.600000E+03 2.000000E+03 2.400000E+03
 2.800000E+03 3.200000E+03
 1.000000E+06 2.000000E+02 3.000000E+02 4.000000E+02 5.000000E+02 6.000000E+02
 8.000000E+02 1.000000E+03 1.300000E+03 1.600000E+03 2.000000E+03 2.400000E+03
 2.800000E+03 3.200000E+03

Band:   15, gas:    2, k-terms:    1
 4.439078E-11 4.959507E-08 1.150738E-06 4.508055E-06 6.886700E-06 8.157666E-06
 9.026566E-06 1.570140E-05 1.628145E-05 2.641443E-05 2.457576E-05 2.260430E-05
 2.461424E-05
 4.517894E-11 4.959497E-08 1.149084E-06 4.519595E-06 6.949444E-06 8.329590E-06
 9.248101E-06 1.685808E-05 1.685317E-05 3.120501E-05 2.555801E-05 2.292716E-05
 2.490701E-05
 5.092977E-11 4.942747E-08 1.134540E-06 4.635744E-06 7.568524E-06 1.001043E-05
 1.140132E-05 2.767164E-05 2.237678E-05 7.212567E-05 3.501697E-05 2.610884E-05
 2.779758E-05
 9.259103E-11 5.689958E-08 1.203256E-06 5.872249E-06 1.284762E-05 2.376634E-05
 2.866744E-05 1.002403E-04 6.545449E-05 2.656038E-04 1.057663E-04 5.408271E-05
 5.356102E-05
 1.687297E-10 1.008381E-07 2.076344E-06 1.093865E-05 2.880944E-05 7.176910E-05
 9.675034E-05 3.613581E-04 2.473343E-04 8.642631E-04 3.721368E-04 1.974923E-04
 1.904166E-04
 1.801066E-10 1.039682E-07 2.148616E-06 1.160203E-05 3.207551E-05 9.079172E-05
 1.359076E-04 9.030153E-04 5.590607E-04 2.937200E-03 1.088437E-03 4.893444E-04
 4.837100E-04
 2.459253E-10 1.161494E-07 2.272938E-06 1.203927E-05 3.305955E-05 9.381596E-05
 1.416682E-04 1.186036E-03 6.779548E-04 7.757159E-03 1.811024E-03 6.308322E-04
 6.387416E-04
*FILE TYPE =     4

Fitted gaseous transmissions and k-terms.
      in band    16: for absorber index     2
      at pressure  1.000E+00 Pa, and temperature  2.000E+02 K.


     Amount of absorber       Actual transmittance     Fitted transmittance
         kg/m2
          3.512536594E+01          9.899960254E-01          9.900000000E-01
          5.926665668E+01          9.831829360E-01          9.831851497E-01
          1.000000000E+02          9.718015298E-01          9.717927108E-01


     Number of terms =     1: Type of scaling =     2: Scaling function =     9
    k-term              Weight              Scaling parameters
     m2/kg
    2.861275772E-04    1.000000000E+00


Lookup table:    7 pressures,   13 temperatures.
 1.000000E+00 2.000000E+02 3.000000E+02 4.000000E+02 5.000000E+02 6.000000E+02
 8.000000E+02 1.000000E+03 1.300000E+03 1.600000E+03 2.000000E+03 2.400000E+03
 2.800000E+03 3.200000E+03
 1.000000E+01 2.000000E+02 3.000000E+02 4.000000E+02 5.000000E+02 6.000000E+02
 8.000000E+02 1.000000E+03 1.300000E+03 1.600000E+03 2.000000E+03 2.400000E+03
 2.800000E+03 3.200000E+03
 1.000000E+02 2.000000E+02 3.000000E+02 4.000000E+02 5.000000E+02 6.000000E+02
 8.000000E+02 1.000000E+03 1.300000E+03 1.600000E+03 2.000000E+03 2.400000E+03
 2.800000E+03 3.200000E+03
 1.000000E+03 2.000000E+02 3.000000E+02 4.000000E+02 5.000000E+02 6.000000E+02
 8.000000E+02 1.000000E+03 1.300000E+03 1.600000E+03 2.000000E+03 2.400000E+03
 2.800000E+03 3.200000E+03
 1.000000E+04 2.000000E+02 3.000000E+02 4.000000E+02 5.000000E+02 6.000000E+02
 8.000000E+02 1.000000E+03 1.300000E+03 1.600000E+03 2.000000E+03 2.400000E+03
 2.800000E+03 3.200000E+03
 1.000000E+05 2.000000E+02 3.000000E+02 4.000000E+02 5.000000E+02 6.000000E+02
 8.000000E+02 1.000000E+03 1.300000E+03 1.600000E+03 2.000000E+03 2.400000E+03
 2.800000E+03 3.200000E+03
 1.000000E+06 2.000000E+02 3.000000E+02 4.000000E+02 5.000000E+02 6.000000E+02
 8.000000E+02 1.000000E+03 1.300000E+03 1.600000E+03 2.000000E+03 2.400000E+03
 2.800000E+03 3.200000E+03

Band:   16, gas:    2, k-terms:    1
 3.816720E-11 5.720539E-08 1.884694E-06 1.209423E-05 3.234882E-05 7.451366E-05
 1.026052E-04 1.965169E-04 1.990080E-04 2.783888E-04 2.658617E-04 2.449411E-04
 2.556210E-04
 6.612052E-11 6.156738E-08 1.928745E-06 1.226723E-05 3.276993E-05 7.536549E-05
 1.035066E-04 1.994702E-04 2.004433E-04 2.854559E-04 2.674621E-04 2.455271E-04
 2.561136E-04
 3.452604E-10 1.054633E-07 2.365984E-06 1.392670E-05 3.673078E-05 8.337551E-05
 1.120506E-04 2.261831E-04 2.140652E-04 3.489675E-04 2.829259E-04 2.512843E-04
 2.609725E-04
 2.202579E-09 4.381954E-07 5.677452E-06 2.485659E-05 5.999712E-05 1.318208E-04
 1.676012E-04 3.813600E-04 3.086892E-04 7.385183E-04 4.038981E-04 3.008908E-04
 3.041029E-04
 2.853513E-09 6.134077E-07 7.757012E-06 3.197522E-05 7.512093E-05 1.797237E-04
 2.505873E-04 9.507152E-04 6.650407E-04 2.353146E-03 9.971213E-04 5.627891E-04
 5.496724E-04
 2.820872E-09 6.072007E-07 7.711918E-06 3.221329E-05 7.763489E-05 1.966157E-04
 2.863364E-04 2.053010E-03 1.245526E-03 7.967909E-03 2.677754E-03 1.135136E-03
 1.134100E-03
 2.618028E-09 5.733535E-07 7.364703E-06 3.108982E-05 7.557980E-05 1.943309E-04
 2.861140E-04 2.400628E-03 1.386491E-03 1.658586E-02 3.829199E-03 1.345361E-03
 1.375281E-03
*FILE TYPE =     4

Fitted gaseous transmissions and k-terms.
      in band    17: for absorber index     2
      at pressure  1.000E+00 Pa, and temperature  2.000E+02 K.


     Amount of absorber       Actual transmittance     Fitted transmittance
         kg/m2
          5.078369628E+01          9.899982550E-01          9.900000000E-01
          7.126268047E+01          9.859957001E-01          9.859957600E-01
          1.000000000E+02          9.804086376E-01          9.804040688E-01


     Number of terms =     1: Type of scaling =     2: Scaling function =     9
    k-term              Weight              Scaling parameters
     m2/kg
    1.979047724E-04    1.000000000E+00


Lookup table:    7 pressures,   13 temperatures.
 1.000000E+00 2.000000E+02 3.000000E+02 4.000000E+02 5.000000E+02 6.000000E+02
 8.000000E+02 1.000000E+03 1.300000E+03 1.600000E+03 2.000000E+03 2.400000E+03
 2.800000E+03 3.200000E+03
 1.000000E+01 2.000000E+02 3.000000E+02 4.000000E+02 5.000000E+02 6.000000E+02
 8.000000E+02 1.000000E+03 1.300000E+03 1.600000E+03 2.000000E+03 2.400000E+03
 2.800000E+03 3.200000E+03
 1.000000E+02 2.000000E+02 3.000000E+02 4.000000E+02 5.000000E+02 6.000000E+02
 8.000000E+02 1.000000E+03 1.300000E+03 1.600000E+03 2.000000E+03 2.400000E+03
 2.800000E+03 3.200000E+03
 1.000000E+03 2.000000E+02 3.000000E+02 4.000000E+02 5.000000E+02 6.000000E+02
 8.000000E+02 1.000000E+03 1.300000E+03 1.600000E+03 2.000000E+03 2.400000E+03
 2.800000E+03 3.200000E+03
 1.000000E+04 2.000000E+02 3.000000E+02 4.000000E+02 5.000000E+02 6.000000E+02
 8.000000E+02 1.000000E+03 1.300000E+03 1.600000E+03 2.000000E+03 2.400000E+03
 2.800000E+03 3.200000E+03
 1.000000E+05 2.000000E+02 3.000000E+02 4.000000E+02 5.000000E+02 6.000000E+02
 8.000000E+02 1.000000E+03 1.300000E+03 1.600000E+03 2.000000E+03 2.400000E+03
 2.800000E+03 3.200000E+03
 1.000000E+06 2.000000E+02 3.000000E+02 4.000000E+02 5.000000E+02 6.000000E+02
 8.000000E+02 1.000000E+03 1.300000E+03 1.600000E+03 2.000000E+03 2.400000E+03
 2.800000E+03 3.200000E+03

Band:   17, gas:    2, k-terms:    1
 4.970896E-09 7.969546E-07 5.829003E-06 1.450711E-05 2.939087E-05 6.584053E-05
 8.921542E-05 1.672615E-04 1.601055E-04 2.265893E-04 2.061458E-04 1.784220E-04
 1.847649E-04
 4.854305E-09 7.869217E-07 5.819536E-06 1.456910E-05 2.953583E-05 6.614943E-05
 8.957504E-05 1.690910E-04 1.609891E-04 2.334893E-04 2.076057E-04 1.788959E-04
 1.851876E-04
 3.965655E-09 7.020620E-07 5.722603E-06 1.513262E-05 3.088212E-05 6.908073E-05
 9.303060E-05 1.865021E-04 1.695904E-04 2.957135E-04 2.218068E-04 1.835757E-04
 1.893676E-04
 2.297818E-09 4.507790E-07 5.105475E-06 1.793329E-05 3.875226E-05 8.818501E-05
 1.177394E-04 3.113154E-04 2.390970E-04 6.617662E-04 3.356808E-04 2.252994E-04
 2.271050E-04
 2.437268E-09 4.698813E-07 5.602679E-06 2.222022E-05 5.102874E-05 1.206936E-04
 1.691659E-04 7.733874E-04 5.199594E-04 2.039745E-03 8.464136E-04 4.414591E-04
 4.326711E-04
 2.461903E-09 4.746159E-07 5.701042E-06 2.299883E-05 5.414366E-05 1.336169E-04
 1.924568E-04 1.432853E-03 8.542955E-04 6.279923E-03 1.969124E-03 7.903725E-04
 7.945195E-04
 2.473639E-09 4.847805E-07 5.852088E-06 2.365478E-05 5.567762E-05 1.373936E-04
 1.978998E-04 1.639214E-03 9.392465E-04 1.148447E-02 2.601781E-03 9.068371E-04
 9.272459E-04
*FILE TYPE =     4

Fitted gaseous transmissions and k-terms.
      in band    18: for absorber index     2
      at pressure  1.000E+00 Pa, and temperature  2.000E+02 K.


     Amount of absorber       Actual transmittance     Fitted transmittance
         kg/m2
          3.192484161E+01          9.899939973E-01          9.900000000E-01
          5.650207218E+01          9.823658191E-01          9.823697120E-01
          1.000000000E+02          9.690228542E-01          9.690091354E-01


     Number of terms =     1: Type of scaling =     2: Scaling function =     9
    k-term              Weight              Scaling parameters
     m2/kg
    3.148123952E-04    1.000000000E+00


Lookup table:    7 pressures,   13 temperatures.
 1.000000E+00 2.000000E+02 3.000000E+02 4.000000E+02 5.000000E+02 6.000000E+02
 8.000000E+02 1.000000E+03 1.300000E+03 1.600000E+03 2.000000E+03 2.400000E+03
 2.800000E+03 3.200000E+03
 1.000000E+01 2.000000E+02 3.000000E+02 4.000000E+02 5.000000E+02 6.000000E+02
 8.000000E+02 1.000000E+03 1.300000E+03 1.600000E+03 2.000000E+03 2.400000E+03
 2.800000E+03 3.200000E+03
 1.000000E+02 2.000000E+02 3.000000E+02 4.000000E+02 5.000000E+02 6.000000E+02
 8.000000E+02 1.000000E+03 1.300000E+03 1.600000E+03 2.000000E+03 2.400000E+03
 2.800000E+03 3.200000E+03
 1.000000E+03 2.000000E+02 3.000000E+02 4.000000E+02 5.000000E+02 6.000000E+02
 8.000000E+02 1.000000E+03 1.300000E+03 1.600000E+03 2.000000E+03 2.400000E+03
 2.800000E+03 3.200000E+03
 1.000000E+04 2.000000E+02 3.000000E+02 4.000000E+02 5.000000E+02 6.000000E+02
 8.000000E+02 1.000000E+03 1.300000E+03 1.600000E+03 2.000000E+03 2.400000E+03
 2.800000E+03 3.200000E+03
 1.000000E+05 2.000000E+02 3.000000E+02 4.000000E+02 5.000000E+02 6.000000E+02
 8.000000E+02 1.000000E+03 1.300000E+03 1.600000E+03 2.000000E+03 2.400000E+03
 2.800000E+03 3.200000E+03
 1.000000E+06 2.000000E+02 3.000000E+02 4.000000E+02 5.000000E+02 6.000000E+02
 8.000000E+02 1.000000E+03 1.300000E+03 1.600000E+03 2.000000E+03 2.400000E+03
 2.800000E+03 3.200000E+03

Band:   18, gas:    2, k-terms:    1
 3.081310E-10 2.417856E-07 5.266032E-06 2.425542E-05 5.184222E-05 9.657838E-05
 1.207579E-04 2.064573E-04 2.055606E-04 2.865711E-04 2.680591E-04 2.429798E-04
 2.542064E-04
 3.347222E-10 2.472484E-07 5.311352E-06 2.436671E-05 5.205564E-05 9.705814E-05
 1.213238E-04 2.088865E-04 2.067705E-04 2.949139E-04 2.698736E-04 2.435975E-04
 2.547493E-04
 5.552236E-10 2.937500E-07 5.705924E-06 2.536907E-05 5.404049E-05 1.016136E-04
 1.267461E-04 2.317606E-04 2.184960E-04 3.708650E-04 2.875578E-04 2.496993E-04
 2.601226E-04
 1.086948E-09 4.179666E-07 6.969921E-06 2.989820E-05 6.528880E-05 1.313293E-04
 1.650206E-04 3.931445E-04 3.115079E-04 8.277988E-04 4.314910E-04 3.043781E-04
 3.090153E-04
 1.053488E-09 3.771280E-07 6.293888E-06 2.996475E-05 7.506506E-05 1.840650E-04
 2.552176E-04 1.032974E-03 7.097383E-04 2.618499E-03 1.103457E-03 6.019903E-04
 5.891615E-04
 1.033323E-09 3.707773E-07 6.221700E-06 3.022173E-05 7.883327E-05 2.117563E-04
 3.115558E-04 2.182155E-03 1.322276E-03 8.748883E-03 2.845030E-03 1.186713E-03
 1.183177E-03
 9.963832E-10 3.526921E-07 5.952506E-06 2.920439E-05 7.694102E-05 2.108130E-04
 3.147918E-04 2.626006E-03 1.504659E-03 1.773910E-02 4.058886E-03 1.418641E-03
 1.441512E-03
*FILE TYPE =     4

Fitted gaseous transmissions and k-terms.
      in band    19: for absorber index     2
      at pressure  1.000E+00 Pa, and temperature  2.000E+02 K.


     Amount of absorber       Actual transmittance     Fitted transmittance
         kg/m2
          2.948191833E+01          9.899819091E-01          9.900000000E-01
          5.429725437E+01          9.816472415E-01          9.816604133E-01
          1.000000000E+02          9.665264174E-01          9.664846814E-01


     Number of terms =     1: Type of scaling =     2: Scaling function =     9
    k-term              Weight              Scaling parameters
     m2/kg
    3.408983005E-04    1.000000000E+00


Lookup table:    7 pressures,   13 temperatures.
 1.000000E+00 2.000000E+02 3.000000E+02 4.000000E+02 5.000000E+02 6.000000E+02
 8.000000E+02 1.000000E+03 1.300000E+03 1.600000E+03 2.000000E+03 2.400000E+03
 2.800000E+03 3.200000E+03
 1.000000E+01 2.000000E+02 3.000000E+02 4.000000E+02 5.000000E+02 6.000000E+02
 8.000000E+02 1.000000E+03 1.300000E+03 1.600000E+03 2.000000E+03 2.400000E+03
 2.800000E+03 3.200000E+03
 1.000000E+02 2.000000E+02 3.000000E+02 4.000000E+02 5.000000E+02 6.000000E+02
 8.000000E+02 1.000000E+03 1.300000E+03 1.600000E+03 2.000000E+03 2.400000E+03
 2.800000E+03 3.200000E+03
 1.000000E+03 2.000000E+02 3.000000E+02 4.000000E+02 5.000000E+02 6.000000E+02
 8.000000E+02 1.000000E+03 1.300000E+03 1.600000E+03 2.000000E+03 2.400000E+03
 2.800000E+03 3.200000E+03
 1.000000E+04 2.000000E+02 3.000000E+02 4.000000E+02 5.000000E+02 6.000000E+02
 8.000000E+02 1.000000E+03 1.300000E+03 1.600000E+03 2.000000E+03 2.400000E+03
 2.800000E+03 3.200000E+03
 1.000000E+05 2.000000E+02 3.000000E+02 4.000000E+02 5.000000E+02 6.000000E+02
 8.000000E+02 1.000000E+03 1.300000E+03 1.600000E+03 2.000000E+03 2.400000E+03
 2.800000E+03 3.200000E+03
 1.000000E+06 2.000000E+02 3.000000E+02 4.000000E+02 5.000000E+02 6.000000E+02
 8.000000E+02 1.000000E+03 1.300000E+03 1.600000E+03 2.000000E+03 2.400000E+03
 2.800000E+03 3.200000E+03

Band:   19, gas:    2, k-terms:    1
 1.569161E-10 1.272904E-07 2.939194E-06 1.456718E-05 3.522016E-05 8.375146E-05
 1.195764E-04 2.600268E-04 2.613989E-04 4.267338E-04 3.907077E-04 3.437066E-04
 3.656794E-04
 1.548451E-10 1.264997E-07 2.935866E-06 1.461477E-05 3.541610E-05 8.433140E-05
 1.203268E-04 2.634398E-04 2.632155E-04 4.376484E-04 3.932625E-04 3.446378E-04
 3.664872E-04
 1.377528E-10 1.196896E-07 2.905979E-06 1.505596E-05 3.727356E-05 8.988445E-05
 1.275610E-04 2.957635E-04 2.808069E-04 5.371486E-04 4.180865E-04 3.538175E-04
 3.744721E-04
 9.062778E-11 9.610643E-08 2.774579E-06 1.734778E-05 4.877226E-05 1.282174E-04
 1.808270E-04 5.181952E-04 4.171909E-04 1.148269E-03 6.170196E-04 4.347681E-04
 4.463680E-04
 6.753105E-11 7.400602E-08 2.339607E-06 1.675203E-05 5.554180E-05 1.882809E-04
 3.025240E-04 1.321743E-03 9.522119E-04 3.453541E-03 1.538255E-03 8.625776E-04
 8.524675E-04
 6.858189E-11 7.342707E-08 2.295453E-06 1.641485E-05 5.523343E-05 2.003915E-04
 3.465516E-04 2.627679E-03 1.730713E-03 1.077273E-02 3.789285E-03 1.723594E-03
 1.740986E-03
 8.136488E-11 7.601910E-08 2.274320E-06 1.597498E-05 5.337048E-05 1.944908E-04
 3.408520E-04 3.197674E-03 1.997748E-03 2.336255E-02 5.739024E-03 2.141259E-03
 2.215179E-03
*FILE TYPE =     4

Fitted gaseous transmissions and k-terms.
      in band    20: for absorber index     2
      at pressure  1.000E+00 Pa, and temperature  2.000E+02 K.


     Amount of absorber       Actual transmittance     Fitted transmittance
         kg/m2
          2.739349101E+01          9.899778209E-01          9.900000000E-01
          5.233879155E+01          9.809629623E-01          9.809807321E-01
          1.000000000E+02          9.640291120E-01          9.639761036E-01


     Number of terms =     1: Type of scaling =     2: Scaling function =     9
    k-term              Weight              Scaling parameters
     m2/kg
    3.668877343E-04    1.000000000E+00


Lookup table:    7 pressures,   13 temperatures.
 1.000000E+00 2.000000E+02 3.000000E+02 4.000000E+02 5.000000E+02 6.000000E+02
 8.000000E+02 1.000000E+03 1.300000E+03 1.600000E+03 2.000000E+03 2.400000E+03
 2.800000E+03 3.200000E+03
 1.000000E+01 2.000000E+02 3.000000E+02 4.000000E+02 5.000000E+02 6.000000E+02
 8.000000E+02 1.000000E+03 1.300000E+03 1.600000E+03 2.000000E+03 2.400000E+03
 2.800000E+03 3.200000E+03
 1.000000E+02 2.000000E+02 3.000000E+02 4.000000E+02 5.000000E+02 6.000000E+02
 8.000000E+02 1.000000E+03 1.300000E+03 1.600000E+03 2.000000E+03 2.400000E+03
 2.800000E+03 3.200000E+03
 1.000000E+03 2.000000E+02 3.000000E+02 4.000000E+02 5.000000E+02 6.000000E+02
 8.000000E+02 1.000000E+03 1.300000E+03 1.600000E+03 2.000000E+03 2.400000E+03
 2.800000E+03 3.200000E+03
 1.000000E+04 2.000000E+02 3.000000E+02 4.000000E+02 5.000000E+02 6.000000E+02
 8.000000E+02 1.000000E+03 1.300000E+03 1.600000E+03 2.000000E+03 2.400000E+03
 2.800000E+03 3.200000E+03
 1.000000E+05 2.000000E+02 3.000000E+02 4.000000E+02 5.000000E+02 6.000000E+02
 8.000000E+02 1.000000E+03 1.300000E+03 1.600000E+03 2.000000E+03 2.400000E+03
 2.800000E+03 3.200000E+03
 1.000000E+06 2.000000E+02 3.000000E+02 4.000000E+02 5.000000E+02 6.000000E+02
 8.000000E+02 1.000000E+03 1.300000E+03 1.600000E+03 2.000000E+03 2.400000E+03
 2.800000E+03 3.200000E+03

Band:   20, gas:    2, k-terms:    1
 2.214577E-10 1.331288E-07 2.865720E-06 1.457505E-05 3.472386E-05 7.739519E-05
 1.087423E-04 2.264654E-04 2.231692E-04 3.571306E-04 3.250973E-04 2.812535E-04
 2.974847E-04
 2.183218E-10 1.327410E-07 2.870422E-06 1.464595E-05 3.496770E-05 7.796653E-05
 1.093836E-04 2.293824E-04 2.246492E-04 3.662681E-04 3.271668E-04 2.819843E-04
 2.981125E-04
 1.969124E-10 1.303528E-07 2.921119E-06 1.531365E-05 3.726783E-05 8.343542E-05
 1.155854E-04 2.571369E-04 2.390327E-04 4.503329E-04 3.473214E-04 2.891981E-04
 3.043243E-04
 1.882428E-10 1.414662E-07 3.381931E-06 1.928107E-05 5.129805E-05 1.215834E-04
 1.625839E-04 4.524421E-04 3.531642E-04 9.852735E-04 5.116539E-04 3.534886E-04
 3.608357E-04
 1.845585E-10 1.440230E-07 3.585448E-06 2.185184E-05 6.487259E-05 1.922646E-04
 2.865740E-04 1.201252E-03 8.311738E-04 3.134600E-03 1.313534E-03 7.106698E-04
 6.962073E-04
 1.877194E-10 1.465300E-07 3.645993E-06 2.230013E-05 6.735750E-05 2.141394E-04
 3.439218E-04 2.599933E-03 1.619175E-03 1.052425E-02 3.503508E-03 1.507646E-03
 1.507165E-03
 1.882246E-10 1.482130E-07 3.722747E-06 2.298473E-05 6.993352E-05 2.255944E-04
 3.668834E-04 3.214575E-03 1.927191E-03 2.176309E-02 5.288686E-03 1.914611E-03
 1.957097E-03
*FILE TYPE =     4

Fitted gaseous transmissions and k-terms.
      in band    21: for absorber index     2
      at pressure  1.000E+00 Pa, and temperature  2.000E+02 K.


     Amount of absorber       Actual transmittance     Fitted transmittance
         kg/m2
          1.319781690E+01          9.897487720E-01          9.900000000E-01
          3.632879974E+01          9.723088151E-01          9.727142427E-01
          1.000000000E+02          9.274795947E-01          9.266758023E-01


     Number of terms =     1: Type of scaling =     2: Scaling function =     9
    k-term              Weight              Scaling parameters
     m2/kg
    7.615150239E-04    1.000000000E+00


Lookup table:    7 pressures,   13 temperatures.
 1.000000E+00 2.000000E+02 3.000000E+02 4.000000E+02 5.000000E+02 6.000000E+02
 8.000000E+02 1.000000E+03 1.300000E+03 1.600000E+03 2.000000E+03 2.400000E+03
 2.800000E+03 3.200000E+03
 1.000000E+01 2.000000E+02 3.000000E+02 4.000000E+02 5.000000E+02 6.000000E+02
 8.000000E+02 1.000000E+03 1.300000E+03 1.600000E+03 2.000000E+03 2.400000E+03
 2.800000E+03 3.200000E+03
 1.000000E+02 2.000000E+02 3.000000E+02 4.000000E+02 5.000000E+02 6.000000E+02
 8.000000E+02 1.000000E+03 1.300000E+03 1.600000E+03 2.000000E+03 2.400000E+03
 2.800000E+03 3.200000E+03
 1.000000E+03 2.000000E+02 3.000000E+02 4.000000E+02 5.000000E+02 6.000000E+02
 8.000000E+02 1.000000E+03 1.300000E+03 1.600000E+03 2.000000E+03 2.400000E+03
 2.800000E+03 3.200000E+03
 1.000000E+04 2.000000E+02 3.000000E+02 4.000000E+02 5.000000E+02 6.000000E+02
 8.000000E+02 1.000000E+03 1.300000E+03 1.600000E+03 2.000000E+03 2.400000E+03
 2.800000E+03 3.200000E+03
 1.000000E+05 2.000000E+02 3.000000E+02 4.000000E+02 5.000000E+02 6.000000E+02
 8.000000E+02 1.000000E+03 1.300000E+03 1.600000E+03 2.000000E+03 2.400000E+03
 2.800000E+03 3.200000E+03
 1.000000E+06 2.000000E+02 3.000000E+02 4.000000E+02 5.000000E+02 6.000000E+02
 8.000000E+02 1.000000E+03 1.300000E+03 1.600000E+03 2.000000E+03 2.400000E+03
 2.800000E+03 3.200000E+03

Band:   21, gas:    2, k-terms:    1
 1.338189E-10 1.278825E-07 3.879095E-06 2.427220E-05 5.757812E-05 1.015641E-04
 1.232581E-04 2.056466E-04 2.098540E-04 2.957848E-04 2.783274E-04 2.589538E-04
 2.771761E-04
 1.409323E-10 1.301239E-07 3.903818E-06 2.436713E-05 5.786239E-05 1.023092E-04
 1.242728E-04 2.109497E-04 2.127204E-04 3.206614E-04 2.839160E-04 2.608701E-04
 2.789448E-04
 2.004079E-10 1.498057E-07 4.125640E-06 2.523694E-05 6.054490E-05 1.095100E-04
 1.340936E-04 2.598022E-04 2.400475E-04 5.177459E-04 3.360559E-04 2.795242E-04
 2.961915E-04
 3.587681E-10 2.194003E-07 5.031436E-06 2.948275E-05 7.723719E-05 1.641183E-04
 2.100307E-04 5.818887E-04 4.436815E-04 1.438940E-03 6.845969E-04 4.310644E-04
 4.377983E-04
 3.876751E-10 2.390042E-07 5.439405E-06 3.324776E-05 1.026668E-04 3.206341E-04
 4.801480E-04 1.781294E-03 1.290808E-03 4.510269E-03 2.025613E-03 1.138947E-03
 1.118607E-03
 4.100841E-10 2.494779E-07 5.642698E-06 3.459573E-05 1.094903E-04 3.904106E-04
 6.845155E-04 4.327941E-03 2.998356E-03 1.532019E-02 5.700886E-03 2.880544E-03
 2.872458E-03
 5.504948E-10 3.216450E-07 6.939094E-06 4.072665E-05 1.247346E-04 4.319922E-04
 7.615211E-04 6.245158E-03 4.253455E-03 3.955243E-02 1.061594E-02 4.754523E-03
 4.918294E-03
*FILE TYPE =     4

Fitted gaseous transmissions and k-terms.
      in band    22: for absorber index     2
      at pressure  1.000E+00 Pa, and temperature  2.000E+02 K.


     Amount of absorber       Actual transmittance     Fitted transmittance
         kg/m2
          2.569613698E+00          9.897468208E-01          9.900000000E-01
          1.603001465E+01          9.380434793E-01          9.392280309E-01
          1.000000000E+02          6.793874956E-01          6.762973436E-01


     Number of terms =     1: Type of scaling =     2: Scaling function =     9
    k-term              Weight              Scaling parameters
     m2/kg
    3.911224423E-03    1.000000000E+00


Lookup table:    7 pressures,   13 temperatures.
 1.000000E+00 2.000000E+02 3.000000E+02 4.000000E+02 5.000000E+02 6.000000E+02
 8.000000E+02 1.000000E+03 1.300000E+03 1.600000E+03 2.000000E+03 2.400000E+03
 2.800000E+03 3.200000E+03
 1.000000E+01 2.000000E+02 3.000000E+02 4.000000E+02 5.000000E+02 6.000000E+02
 8.000000E+02 1.000000E+03 1.300000E+03 1.600000E+03 2.000000E+03 2.400000E+03
 2.800000E+03 3.200000E+03
 1.000000E+02 2.000000E+02 3.000000E+02 4.000000E+02 5.000000E+02 6.000000E+02
 8.000000E+02 1.000000E+03 1.300000E+03 1.600000E+03 2.000000E+03 2.400000E+03
 2.800000E+03 3.200000E+03
 1.000000E+03 2.000000E+02 3.000000E+02 4.000000E+02 5.000000E+02 6.000000E+02
 8.000000E+02 1.000000E+03 1.300000E+03 1.600000E+03 2.000000E+03 2.400000E+03
 2.800000E+03 3.200000E+03
 1.000000E+04 2.000000E+02 3.000000E+02 4.000000E+02 5.000000E+02 6.000000E+02
 8.000000E+02 1.000000E+03 1.300000E+03 1.600000E+03 2.000000E+03 2.400000E+03
 2.800000E+03 3.200000E+03
 1.000000E+05 2.000000E+02 3.000000E+02 4.000000E+02 5.000000E+02 6.000000E+02
 8.000000E+02 1.000000E+03 1.300000E+03 1.600000E+03 2.000000E+03 2.400000E+03
 2.800000E+03 3.200000E+03
 1.000000E+06 2.000000E+02 3.000000E+02 4.000000E+02 5.000000E+02 6.000000E+02
 8.000000E+02 1.000000E+03 1.300000E+03 1.600000E+03 2.000000E+03 2.400000E+03
 2.800000E+03 3.200000E+03

Band:   22, gas:    2, k-terms:    1
 1.750354E-09 8.852872E-07 1.795308E-05 7.895548E-05 1.774567E-04 3.462188E-04
 4.480132E-04 6.970302E-04 7.242850E-04 1.003007E-03 9.674340E-04 9.278036E-04
 9.914957E-04
 1.767951E-09 8.922310E-07 1.807428E-05 7.966236E-05 1.792593E-04 3.501679E-04
 4.528826E-04 7.231233E-04 7.382981E-04 1.119114E-03 9.931276E-04 9.365438E-04
 9.993868E-04
 1.907131E-09 9.536283E-07 1.919585E-05 8.631281E-05 1.963109E-04 3.877440E-04
 4.995066E-04 9.553458E-04 8.697068E-04 1.999863E-03 1.229464E-03 1.021168E-03
 1.076151E-03
 2.342286E-09 1.213848E-06 2.534600E-05 1.269897E-04 3.083962E-04 6.548215E-04
 8.445557E-04 2.329647E-03 1.769103E-03 6.024134E-03 2.737721E-03 1.687300E-03
 1.696876E-03
 3.015909E-09 1.532249E-06 3.306293E-05 1.875479E-04 5.291000E-04 1.472370E-03
 2.122557E-03 7.578349E-03 5.435386E-03 2.642480E-02 8.855685E-03 4.783795E-03
 4.688353E-03
 3.065398E-09 1.537898E-06 3.370705E-05 2.025618E-04 6.230994E-04 2.094341E-03
 3.530880E-03 2.314382E-02 1.499287E-02 1.688141E-01 3.605072E-02 1.421755E-02
 1.412949E-02
 3.785536E-09 1.582034E-06 3.357666E-05 2.019512E-04 6.307207E-04 2.218141E-03
 3.910316E-03 3.632514E-02 2.309667E-02 3.194339E-01 7.292629E-02 2.597347E-02
 2.705654E-02
*FILE TYPE =     4

Fitted gaseous transmissions and k-terms.
      in band    23: for absorber index     2
      at pressure  1.000E+00 Pa, and temperature  2.000E+02 K.


     Amount of absorber       Actual transmittance     Fitted transmittance
         kg/m2
          8.892782187E-01          9.888149576E-01          9.900000000E-01
          9.430154923E+00          8.895220633E-01          8.989062145E-01
          1.000000000E+02          3.494715485E-01          3.229790642E-01


     Number of terms =     1: Type of scaling =     2: Scaling function =     9
    k-term              Weight              Scaling parameters
     m2/kg
    1.130167774E-02    1.000000000E+00


Lookup table:    7 pressures,   13 temperatures.
 1.000000E+00 2.000000E+02 3.000000E+02 4.000000E+02 5.000000E+02 6.000000E+02
 8.000000E+02 1.000000E+03 1.300000E+03 1.600000E+03 2.000000E+03 2.400000E+03
 2.800000E+03 3.200000E+03
 1.000000E+01 2.000000E+02 3.000000E+02 4.000000E+02 5.000000E+02 6.000000E+02
 8.000000E+02 1.000000E+03 1.300000E+03 1.600000E+03 2.000000E+03 2.400000E+03
 2.800000E+03 3.200000E+03
 1.000000E+02 2.000000E+02 3.000000E+02 4.000000E+02 5.000000E+02 6.000000E+02
 8.000000E+02 1.000000E+03 1.300000E+03 1.600000E+03 2.000000E+03 2.400000E+03
 2.800000E+03 3.200000E+03
 1.000000E+03 2.000000E+02 3.000000E+02 4.000000E+02 5.000000E+02 6.000000E+02
 8.000000E+02 1.000000E+03 1.300000E+03 1.600000E+03 2.000000E+03 2.400000E+03
 2.800000E+03 3.200000E+03
 1.000000E+04 2.000000E+02 3.000000E+02 4.000000E+02 5.000000E+02 6.000000E+02
 8.000000E+02 1.000000E+03 1.300000E+03 1.600000E+03 2.000000E+03 2.400000E+03
 2.800000E+03 3.200000E+03
 1.000000E+05 2.000000E+02 3.000000E+02 4.000000E+02 5.000000E+02 6.000000E+02
 8.000000E+02 1.000000E+03 1.300000E+03 1.600000E+03 2.000000E+03 2.400000E+03
 2.800000E+03 3.200000E+03
 1.000000E+06 2.000000E+02 3.000000E+02 4.000000E+02 5.000000E+02 6.000000E+02
 8.000000E+02 1.000000E+03 1.300000E+03 1.600000E+03 2.000000E+03 2.400000E+03
 2.800000E+03 3.200000E+03

Band:   23, gas:    2, k-terms:    1
 1.893772E-07 9.333028E-06 5.270335E-05 1.804487E-04 3.345652E-04 5.811795E-04
 7.695255E-04 1.278726E-03 1.356698E-03 1.943094E-03 1.886928E-03 1.827324E-03
 1.957594E-03
 1.862945E-07 9.408340E-06 5.319264E-05 1.822602E-04 3.393529E-04 5.928234E-04
 7.844460E-04 1.359247E-03 1.399701E-03 2.280781E-03 1.963048E-03 1.853287E-03
 1.980915E-03
 1.617963E-07 1.005185E-05 5.763493E-05 1.993052E-04 3.844786E-04 7.015450E-04
 9.246185E-04 2.027707E-03 1.787640E-03 4.580128E-03 2.631002E-03 2.099748E-03
 2.204110E-03
 1.011931E-07 1.204927E-05 8.477434E-05 3.110011E-04 6.869372E-04 1.424331E-03
 1.870814E-03 5.384098E-03 4.093573E-03 1.549597E-02 6.456612E-03 3.871862E-03
 3.870825E-03
 8.508646E-08 1.329606E-05 1.459397E-04 5.759563E-04 1.433825E-03 3.640290E-03
 5.108223E-03 1.986226E-02 1.343912E-02 1.242634E-01 2.639672E-02 1.192819E-02
 1.169802E-02
 8.152461E-08 1.313723E-05 1.625149E-04 7.380448E-04 1.981582E-03 5.924703E-03
 9.560408E-03 7.628111E-02 4.701687E-02 6.320065E-01 1.394809E-01 4.783020E-02
 4.835428E-02
 8.279819E-08 1.301577E-05 1.620439E-04 7.554185E-04 2.097577E-03 6.681986E-03
 1.129961E-02 1.067283E-01 6.804963E-02 9.607996E-01 2.221096E-01 7.946875E-02
 8.361414E-02
*FILE TYPE =     4

Fitted gaseous transmissions and k-terms.
      in band    24: for absorber index     2
      at pressure  1.000E+00 Pa, and temperature  2.000E+02 K.


     Amount of absorber       Actual transmittance     Fitted transmittance
         kg/m2
          1.599742092E-01          9.951303607E-01          9.953867246E-01
          7.999032826E-01          9.759887798E-01          9.772001891E-01
          3.999677602E+00          8.877444137E-01          8.923031318E-01
          1.999919399E+01          5.774362388E-01          5.820857344E-01
          1.000000000E+02          1.039821733E-01          9.023961474E-02


     Number of terms =     2: Type of scaling =     2: Scaling function =     9
    k-term              Weight              Scaling parameters
     m2/kg
    2.230332547E-02    8.366556951E-01
    6.282472596E-02    1.633443049E-01


Lookup table:    7 pressures,   13 temperatures.
 1.000000E+00 2.000000E+02 3.000000E+02 4.000000E+02 5.000000E+02 6.000000E+02
 8.000000E+02 1.000000E+03 1.300000E+03 1.600000E+03 2.000000E+03 2.400000E+03
 2.800000E+03 3.200000E+03
 1.000000E+01 2.000000E+02 3.000000E+02 4.000000E+02 5.000000E+02 6.000000E+02
 8.000000E+02 1.000000E+03 1.300000E+03 1.600000E+03 2.000000E+03 2.400000E+03
 2.800000E+03 3.200000E+03
 1.000000E+02 2.000000E+02 3.000000E+02 4.000000E+02 5.000000E+02 6.000000E+02
 8.000000E+02 1.000000E+03 1.300000E+03 1.600000E+03 2.000000E+03 2.400000E+03
 2.800000E+03 3.200000E+03
 1.000000E+03 2.000000E+02 3.000000E+02 4.000000E+02 5.000000E+02 6.000000E+02
 8.000000E+02 1.000000E+03 1.300000E+03 1.600000E+03 2.000000E+03 2.400000E+03
 2.800000E+03 3.200000E+03
 1.000000E+04 2.000000E+02 3.000000E+02 4.000000E+02 5.000000E+02 6.000000E+02
 8.000000E+02 1.000000E+03 1.300000E+03 1.600000E+03 2.000000E+03 2.400000E+03
 2.800000E+03 3.200000E+03
 1.000000E+05 2.000000E+02 3.000000E+02 4.000000E+02 5.000000E+02 6.000000E+02
 8.000000E+02 1.000000E+03 1.300000E+03 1.600000E+03 2.000000E+03 2.400000E+03
 2.800000E+03 3.200000E+03
 1.000000E+06 2.000000E+02 3.000000E+02 4.000000E+02 5.000000E+02 6.000000E+02
 8.000000E+02 1.000000E+03 1.300000E+03 1.600000E+03 2.000000E+03 2.400000E+03
 2.800000E+03 3.200000E+03

Band:   24, gas:    2, k-terms:    2
 3.169510E-12 7.114337E-10 1.242746E-08 6.582524E-08 1.880387E-07 5.710639E-07
 8.903672E-07 7.729095E-06 4.499776E-06 6.207211E-05 1.940380E-05 1.371924E-05
 3.072560E-05
 3.037408E-11 6.830002E-09 1.224775E-07 6.503573E-07 1.855490E-06 5.647133E-06
 8.774753E-06 7.424103E-05 4.229827E-05 5.157780E-04 1.210908E-04 4.741322E-05
 6.332627E-05
 2.923350E-10 6.655319E-08 1.203540E-06 6.473080E-06 1.841999E-05 5.560304E-05
 8.600280E-05 6.901756E-04 3.960733E-04 3.612814E-03 9.748696E-04 3.533866E-04
 3.641143E-04
 2.793275E-09 6.099209E-07 1.157470E-05 6.335177E-05 1.799719E-04 5.296346E-04
 7.996747E-04 4.820905E-03 3.066636E-03 1.928425E-02 6.058979E-03 2.601691E-03
 2.550457E-03
 2.244519E-08 4.152539E-06 6.928868E-05 3.986916E-04 1.180912E-03 3.433048E-03
 5.019456E-03 2.636455E-02 1.615976E-02 1.739375E-01 3.577428E-02 1.368271E-02
 1.331811E-02
 1.220339E-07 1.605173E-05 2.086918E-04 1.013693E-03 2.826975E-03 8.729452E-03
 1.435034E-02 1.285218E-01 7.780309E-02 1.026078E+00 2.227758E-01 7.531377E-02
 7.527489E-02
 2.580112E-07 3.275624E-05 3.788805E-04 1.651027E-03 4.328755E-03 1.315412E-02
 2.236044E-02 2.201104E-01 1.399061E-01 1.966594E+00 4.523909E-01 1.609037E-01
 1.682515E-01
 5.853213E-06 3.724857E-04 1.266062E-03 2.775625E-03 4.792028E-03 8.870783E-03
 1.301736E-02 1.000713E-01 1.011891E-01 2.113691E+00 6.355555E-01 2.759390E-01
 3.378641E-01
 5.837331E-06 3.736643E-04 1.278823E-03 2.813916E-03 4.877071E-03 9.086025E-03
 1.336783E-02 1.070461E-01 1.040610E-01 2.136570E+00 6.402453E-01 2.771307E-01
 3.388793E-01
 5.637322E-06 3.827042E-04 1.392129E-03 3.163250E-03 5.659413E-03 1.115578E-02
 1.673005E-02 1.620488E-01 1.314117E-01 2.414436E+00 6.861956E-01 2.897347E-01
 3.493491E-01
 3.838004E-06 3.828957E-04 1.966465E-03 5.155155E-03 1.061105E-02 2.779503E-02
 4.677933E-02 4.554245E-01 2.920689E-01 4.264286E+00 1.036205E+00 3.924198E-01
 4.375465E-01
 2.601370E-06 3.159961E-04 2.677136E-03 8.588498E-03 1.975817E-02 6.136044E-02
 1.058430E-01 1.038556E+00 6.519455E-01 9.036257E+00 2.058765E+00 7.284751E-01
 7.610884E-01
 2.089900E-06 2.651972E-04 2.399378E-03 7.930231E-03 1.819312E-02 5.209012E-02
 8.489677E-02 8.134859E-01 5.173670E-01 7.435782E+00 1.769820E+00 6.527071E-01
 7.069869E-01
 1.301046E-06 1.841468E-04 1.981686E-03 7.458439E-03 1.686108E-02 4.185133E-02
 6.207474E-02 5.465170E-01 3.298200E-01 4.537718E+00 1.047675E+00 3.799281E-01
 4.076090E-01
*FILE TYPE =     4

Fitted gaseous transmissions and k-terms.
      in band    25: for absorber index     2
      at pressure  1.000E+00 Pa, and temperature  2.000E+02 K.


     Amount of absorber       Actual transmittance     Fitted transmittance
         kg/m2
          1.692853330E-01          9.895782721E-01          9.900000000E-01
          3.623697087E+00          8.008561393E-01          8.064317420E-01
          7.756833003E+01          1.563844496E-02          1.000000000E-02


     Number of terms =     1: Type of scaling =     2: Scaling function =     9
    k-term              Weight              Scaling parameters
     m2/kg
    5.936920627E-02    1.000000000E+00


Lookup table:    7 pressures,   13 temperatures.
 1.000000E+00 2.000000E+02 3.000000E+02 4.000000E+02 5.000000E+02 6.000000E+02
 8.000000E+02 1.000000E+03 1.300000E+03 1.600000E+03 2.000000E+03 2.400000E+03
 2.800000E+03 3.200000E+03
 1.000000E+01 2.000000E+02 3.000000E+02 4.000000E+02 5.000000E+02 6.000000E+02
 8.000000E+02 1.000000E+03 1.300000E+03 1.600000E+03 2.000000E+03 2.400000E+03
 2.800000E+03 3.200000E+03
 1.000000E+02 2.000000E+02 3.000000E+02 4.000000E+02 5.000000E+02 6.000000E+02
 8.000000E+02 1.000000E+03 1.300000E+03 1.600000E+03 2.000000E+03 2.400000E+03
 2.800000E+03 3.200000E+03
 1.000000E+03 2.000000E+02 3.000000E+02 4.000000E+02 5.000000E+02 6.000000E+02
 8.000000E+02 1.000000E+03 1.300000E+03 1.600000E+03 2.000000E+03 2.400000E+03
 2.800000E+03 3.200000E+03
 1.000000E+04 2.000000E+02 3.000000E+02 4.000000E+02 5.000000E+02 6.000000E+02
 8.000000E+02 1.000000E+03 1.300000E+03 1.600000E+03 2.000000E+03 2.400000E+03
 2.800000E+03 3.200000E+03
 1.000000E+05 2.000000E+02 3.000000E+02 4.000000E+02 5.000000E+02 6.000000E+02
 8.000000E+02 1.000000E+03 1.300000E+03 1.600000E+03 2.000000E+03 2.400000E+03
 2.800000E+03 3.200000E+03
 1.000000E+06 2.000000E+02 3.000000E+02 4.000000E+02 5.000000E+02 6.000000E+02
 8.000000E+02 1.000000E+03 1.300000E+03 1.600000E+03 2.000000E+03 2.400000E+03
 2.800000E+03 3.200000E+03

Band:   25, gas:    2, k-terms:    1
 9.053483E-07 7.173373E-05 2.832869E-04 5.990092E-04 8.735225E-04 1.210193E-03
 1.437822E-03 2.013880E-03 2.116155E-03 2.900266E-03 2.794951E-03 2.755697E-03
 2.959289E-03
 9.054436E-07 7.237702E-05 2.871625E-04 6.092525E-04 8.930922E-04 1.249168E-03
 1.486048E-03 2.280134E-03 2.258732E-03 4.081660E-03 3.068570E-03 2.847446E-03
 3.043146E-03
 9.018468E-07 7.793718E-05 3.216837E-04 7.013923E-04 1.068692E-03 1.593234E-03
 1.912602E-03 4.275186E-03 3.452497E-03 1.145209E-02 5.241926E-03 3.678102E-03
 3.810995E-03
 7.654780E-07 9.571472E-05 5.090348E-04 1.248817E-03 2.129951E-03 3.635328E-03
 4.485320E-03 1.495102E-02 1.017960E-02 8.497506E-02 1.868099E-02 9.062557E-03
 8.955900E-03
 5.928291E-07 9.245488E-05 9.127370E-04 2.858854E-03 5.663139E-03 1.171728E-02
 1.590076E-02 1.163839E-01 6.454185E-02 7.851860E-01 1.610722E-01 5.222390E-02
 5.055495E-02
 6.020047E-07 9.508984E-05 1.146298E-03 4.654731E-03 1.090033E-02 2.904414E-02
 4.649170E-02 4.289132E-01 2.596690E-01 3.473658E+00 7.678250E-01 2.641624E-01
 2.683254E-01
 7.044467E-07 1.004233E-04 1.195862E-03 5.128958E-03 1.296966E-02 3.667836E-02
 5.923804E-02 5.605938E-01 3.510059E-01 4.920739E+00 1.137545E+00 4.079986E-01
 4.306662E-01
