age,lum
5.057746e-04,7.014553e-02
5.474154e-04,6.998420e-02
5.879319e-04,6.966265e-02
6.273588e-04,6.950243e-02
6.657267e-04,6.934258e-02
7.030675e-04,6.902398e-02
7.394112e-04,6.886523e-02
7.747864e-04,6.870684e-02
8.092207e-04,6.839116e-02
8.427427e-04,6.823387e-02
8.753767e-04,6.807694e-02
9.071519e-04,6.792036e-02
9.380911e-04,6.760830e-02
9.682177e-04,6.745280e-02
9.975553e-04,6.729767e-02
1.026129e-03,6.698846e-02
1.053960e-03,6.683439e-02
1.081070e-03,6.668068e-02
1.107480e-03,6.652732e-02
1.133209e-03,6.622165e-02
1.158281e-03,6.606934e-02
1.182701e-03,6.591739e-02
1.206510e-03,6.576578e-02
1.229711e-03,6.561453e-02
1.252319e-03,6.531306e-02
1.274371e-03,6.516284e-02
1.295860e-03,6.501297e-02
1.316810e-03,6.486344e-02
1.337239e-03,6.471426e-02
1.357169e-03,6.441693e-02
1.376601e-03,6.426877e-02
1.395562e-03,6.412096e-02
1.414051e-03,6.397348e-02
1.432089e-03,6.382635e-02
1.449700e-03,6.367955e-02
1.466881e-03,6.353309e-02
1.483648e-03,6.338697e-02
1.500020e-03,6.309573e-02
1.515999e-03,6.295062e-02
1.531599e-03,6.280584e-02
1.546839e-03,6.266139e-02
1.561719e-03,6.251727e-02
1.576261e-03,6.237348e-02
1.590450e-03,6.223003e-02
1.604331e-03,6.208690e-02
1.617879e-03,6.194411e-02
1.631132e-03,6.180164e-02
1.644080e-03,6.165950e-02
1.656739e-03,6.151769e-02
1.669122e-03,6.137620e-02
1.681222e-03,6.123504e-02
1.693059e-03,6.109420e-02
1.704630e-03,6.095369e-02
1.715959e-03,6.081350e-02
1.727038e-03,6.067363e-02
1.737881e-03,6.053409e-02
1.779008e-03,5.997911e-02
1.816850e-03,5.929253e-02
1.860082e-03,5.847901e-02
1.906760e-03,5.754399e-02
1.948601e-03,5.662393e-02
1.992219e-03,5.571857e-02
2.041512e-03,5.470160e-02
2.084548e-03,5.370318e-02
2.134258e-03,5.248075e-02
2.183650e-03,5.128614e-02
2.234339e-03,5.011872e-02
2.286762e-03,4.886524e-02
2.338810e-03,4.764310e-02
2.400513e-03,4.634469e-02
2.460492e-03,4.508167e-02
2.506542e-03,4.415704e-02
2.578030e-03,4.285485e-02
2.627338e-03,4.207266e-02
2.703921e-03,4.083194e-02
2.756779e-03,3.999447e-02
2.838932e-03,3.881504e-02
2.895690e-03,3.810658e-02
2.954099e-03,3.732502e-02
3.014213e-03,3.655948e-02
3.107728e-03,3.548134e-02
3.172371e-03,3.483373e-02
3.238963e-03,3.411929e-02
3.307570e-03,3.341950e-02
3.414420e-03,3.243396e-02
3.488390e-03,3.176874e-02
3.564626e-03,3.111716e-02
3.643208e-03,3.054921e-02
3.724209e-03,2.992265e-02
3.807694e-03,2.930893e-02
3.893723e-03,2.877398e-02
3.982374e-03,2.818383e-02
4.073671e-03,2.760578e-02
4.167705e-03,2.710192e-02
4.264509e-03,2.654606e-02
4.364153e-03,2.606154e-02
4.466692e-03,2.552701e-02
4.572145e-03,2.506109e-02
4.680637e-03,2.454709e-02
4.792168e-03,2.409905e-02
4.906852e-03,2.365920e-02
5.024722e-03,2.317395e-02
5.145884e-03,2.275097e-02
5.270454e-03,2.233572e-02
5.398474e-03,2.192805e-02
5.530087e-03,2.152782e-02
5.665406e-03,2.113489e-02
5.804569e-03,2.074914e-02
5.875705e-03,2.051162e-02
6.021352e-03,2.009093e-02
6.171603e-03,1.967886e-02
6.326653e-03,1.927525e-02
6.486703e-03,1.887991e-02
6.651966e-03,1.849269e-02
6.822539e-03,1.811340e-02
6.909904e-03,1.794734e-02
7.088968e-03,1.757924e-02
7.273811e-03,1.721869e-02
7.464728e-03,1.686553e-02
7.661856e-03,1.651962e-02
7.762829e-03,1.636817e-02
7.969682e-03,1.603245e-02
8.183197e-03,1.570363e-02
8.403651e-03,1.538155e-02
8.516497e-03,1.524053e-02
8.747521e-03,1.492794e-02
8.985909e-03,1.462177e-02
9.107874e-03,1.448772e-02
9.357439e-03,1.419058e-02
9.614639e-03,1.389953e-02
9.879706e-03,1.361445e-02
1.001530e-02,1.345860e-02
1.029250e-02,1.318257e-02
1.057811e-02,1.291219e-02
1.072420e-02,1.279381e-02
1.102300e-02,1.253141e-02
1.133071e-02,1.227439e-02
1.148799e-02,1.216186e-02
1.180970e-02,1.191242e-02
1.214099e-02,1.166810e-02
1.231031e-02,1.153453e-02
1.265680e-02,1.129796e-02
1.301371e-02,1.106624e-02
1.319620e-02,1.096478e-02
1.356960e-02,1.071519e-02
1.395439e-02,1.049542e-02
1.415129e-02,1.039920e-02
1.455409e-02,1.018591e-02
1.476009e-02,1.006932e-02
1.518151e-02,9.862795e-03
1.561590e-02,9.660509e-03
1.583821e-02,9.571941e-03
1.629319e-02,9.375620e-03
1.676282e-02,9.183326e-03
1.700321e-02,9.078205e-03
1.749561e-02,8.892011e-03
1.774770e-02,8.810489e-03
1.826409e-02,8.629785e-03
1.879689e-02,8.452788e-03
1.906962e-02,8.356030e-03
1.962791e-02,8.184648e-03
1.991370e-02,8.109611e-03
2.049892e-02,7.943282e-03
2.110270e-02,7.780366e-03
2.141189e-02,7.691304e-03
2.204499e-02,7.533556e-03
2.236913e-02,7.464488e-03
2.303303e-02,7.311391e-03
2.371778e-02,7.161434e-03
2.406822e-02,7.079458e-03
2.478540e-02,6.934258e-03
2.515249e-02,6.870684e-03
2.590389e-02,6.714289e-03
2.628869e-02,6.652732e-03
2.707722e-02,6.501297e-03
2.748128e-02,6.426877e-03
2.830910e-02,6.295062e-03
2.916413e-02,6.151769e-03
2.960227e-02,6.081350e-03
3.050008e-02,5.942922e-03
3.096007e-02,5.888437e-03
3.190281e-02,5.754399e-03
3.238583e-02,5.688529e-03
3.337582e-02,5.559043e-03
3.388309e-02,5.495409e-03
3.492312e-02,5.382698e-03
3.545602e-02,5.321083e-03
3.654837e-02,5.199960e-03
3.750222e-02,5.105050e-03
3.831352e-02,5.023426e-03
3.902276e-02,4.954502e-03
3.994726e-02,4.875285e-03
4.074863e-02,4.797334e-03
4.167801e-02,4.720630e-03
4.267770e-02,4.634469e-03
4.370750e-02,4.560369e-03
4.460258e-02,4.487454e-03
4.564319e-02,4.415704e-03
4.676479e-02,4.335109e-03
4.783183e-02,4.265795e-03
4.892885e-02,4.197590e-03
5.003225e-02,4.120975e-03
5.118692e-02,4.055085e-03
5.236161e-02,3.990249e-03
5.358127e-02,3.926449e-03
5.485598e-02,3.854784e-03
5.611681e-02,3.793150e-03
5.741482e-02,3.732502e-03
5.874975e-02,3.664376e-03
6.011765e-02,3.605786e-03
6.153327e-02,3.548134e-03
6.294714e-02,3.483373e-03
6.442360e-02,3.427678e-03
6.592635e-02,3.372873e-03
6.745544e-02,3.311311e-03
6.902923e-02,3.258367e-03
7.062688e-02,3.206269e-03
7.227465e-02,3.147748e-03
7.396240e-02,3.097419e-03
7.574675e-02,3.040885e-03
7.780115e-02,2.985383e-03
7.975024e-02,2.930893e-03
8.178563e-02,2.877398e-03
8.311014e-02,2.844461e-03
8.583057e-02,2.773320e-03
8.722541e-02,2.741574e-03
9.008801e-02,2.679168e-03
9.155688e-02,2.648500e-03
9.457275e-02,2.582260e-03
9.612094e-02,2.552701e-03
9.769672e-02,2.523481e-03
1.009330e-01,2.466039e-03
1.025959e-01,2.432204e-03
1.060139e-01,2.376840e-03
1.077700e-01,2.349633e-03
1.095580e-01,2.317395e-03
1.132369e-01,2.264644e-03
1.151280e-01,2.238721e-03
1.190189e-01,2.182730e-03
1.210211e-01,2.157744e-03
1.230620e-01,2.128139e-03
1.272641e-01,2.079697e-03
1.294270e-01,2.051162e-03
1.316331e-01,2.027683e-03
1.361771e-01,1.976970e-03
1.385179e-01,1.954339e-03
1.433418e-01,1.905461e-03
1.458270e-01,1.883649e-03
1.483642e-01,1.857804e-03
1.535982e-01,1.811340e-03
1.562971e-01,1.790606e-03
1.590541e-01,1.766038e-03
1.618699e-01,1.745822e-03
1.676841e-01,1.702159e-03
1.706868e-01,1.678804e-03
1.737561e-01,1.659587e-03
1.801039e-01,1.614359e-03
1.833872e-01,1.595879e-03
1.867480e-01,1.573983e-03
1.901888e-01,1.555966e-03
1.973231e-01,1.513561e-03
2.010250e-01,1.496236e-03
2.048222e-01,1.475707e-03
2.087190e-01,1.455459e-03
2.168328e-01,1.419058e-03
2.210620e-01,1.399587e-03
2.254141e-01,1.380384e-03
2.298958e-01,1.364583e-03
2.345152e-01,1.345860e-03
2.442008e-01,1.309182e-03
2.492849e-01,1.294196e-03
2.545470e-01,1.276439e-03
2.599980e-01,1.258925e-03
2.656532e-01,1.241652e-03
2.715257e-01,1.224616e-03
2.776361e-01,1.207814e-03
2.840011e-01,1.191242e-03
2.906418e-01,1.174898e-03
2.975809e-01,1.158777e-03
3.048471e-01,1.142878e-03
3.124712e-01,1.127197e-03
3.204837e-01,1.111732e-03
3.289319e-01,1.096478e-03
3.378547e-01,1.081434e-03
3.473098e-01,1.066596e-03
3.573699e-01,1.051962e-03
3.681188e-01,1.037528e-03
3.793604e-01,1.025652e-03
3.908013e-01,1.011579e-03
4.024371e-01,1.000000e-03
4.142581e-01,9.885531e-04
4.262565e-01,9.794900e-04
4.384227e-01,9.705100e-04
4.507492e-01,9.616123e-04
4.632271e-01,9.527962e-04
4.758455e-01,9.440609e-04
4.885995e-01,9.375620e-04
5.014781e-01,9.311079e-04
5.144735e-01,9.268298e-04
5.275784e-01,9.204496e-04
5.407830e-01,9.162205e-04
5.540845e-01,9.120108e-04
5.674714e-01,9.078205e-04
5.809396e-01,9.036495e-04
5.944810e-01,8.994976e-04
6.107325e-01,8.953648e-04
6.302313e-01,8.933055e-04
6.536330e-01,8.892011e-04
6.817137e-01,8.851156e-04
7.134031e-01,8.810489e-04
7.450905e-01,8.790225e-04
7.767781e-01,8.749838e-04
8.084664e-01,8.729714e-04
8.401542e-01,8.729714e-04
8.718424e-01,8.709636e-04
9.035309e-01,8.709636e-04
9.352183e-01,8.689604e-04
9.669077e-01,8.689604e-04
9.985941e-01,8.689604e-04
1.030279e+00,8.669619e-04
1.061969e+00,8.669619e-04
1.093659e+00,8.669619e-04
1.125351e+00,8.669619e-04
1.157039e+00,8.669619e-04
1.188721e+00,8.669619e-04
1.220411e+00,8.669619e-04
1.252100e+00,8.669619e-04
1.283790e+00,8.669619e-04
1.315479e+00,8.669619e-04
1.347159e+00,8.669619e-04
1.378850e+00,8.669619e-04
1.410539e+00,8.669619e-04
1.442232e+00,8.669619e-04
1.473920e+00,8.669619e-04
1.505601e+00,8.669619e-04
1.537291e+00,8.669619e-04
1.568979e+00,8.669619e-04
1.600671e+00,8.669619e-04
1.632360e+00,8.669619e-04
1.664049e+00,8.669619e-04
1.695731e+00,8.669619e-04
1.727420e+00,8.669619e-04
1.759110e+00,8.669619e-04
1.790800e+00,8.669619e-04
1.822489e+00,8.669619e-04
1.854172e+00,8.669619e-04
1.885858e+00,8.669619e-04
1.917551e+00,8.669619e-04
1.949239e+00,8.669619e-04
1.980929e+00,8.669619e-04
2.012612e+00,8.669619e-04
2.044302e+00,8.669619e-04
2.075989e+00,8.669619e-04
2.107682e+00,8.669619e-04
2.139370e+00,8.669619e-04
2.171051e+00,8.669619e-04
2.202739e+00,8.669619e-04
2.234431e+00,8.669619e-04
2.266121e+00,8.669619e-04
2.297809e+00,8.669619e-04
2.329502e+00,8.669619e-04
2.361179e+00,8.669619e-04
2.392869e+00,8.669619e-04
2.424560e+00,8.669619e-04
2.456252e+00,8.669619e-04
2.487941e+00,8.669619e-04
2.519620e+00,8.669619e-04
2.551309e+00,8.669619e-04
2.582998e+00,8.669619e-04
2.614689e+00,8.669619e-04
2.646379e+00,8.669619e-04
2.678058e+00,8.669619e-04
2.709749e+00,8.669619e-04
2.741442e+00,8.669619e-04
2.773129e+00,8.669619e-04
2.804820e+00,8.669619e-04
2.836501e+00,8.669619e-04
2.899880e+00,8.669619e-04
2.963262e+00,8.669619e-04
3.026628e+00,8.669619e-04
3.090011e+00,8.669619e-04
3.185070e+00,8.669619e-04
3.248449e+00,8.669619e-04
3.311830e+00,8.669619e-04
3.406889e+00,8.669619e-04
3.470268e+00,8.669619e-04
3.565332e+00,8.669619e-04
3.628708e+00,8.669619e-04
3.723771e+00,8.669619e-04
3.818836e+00,8.669619e-04
3.882210e+00,8.669619e-04
3.977278e+00,8.669619e-04
4.072340e+00,8.669619e-04
4.167398e+00,8.669619e-04
4.262467e+00,8.669619e-04
4.357526e+00,8.669619e-04
4.484293e+00,8.669619e-04
4.579352e+00,8.669619e-04
4.674412e+00,8.669619e-04
4.801169e+00,8.669619e-04
4.896232e+00,8.689604e-04
5.022975e+00,8.689604e-04
5.118056e+00,8.689604e-04
5.244801e+00,8.689604e-04
5.371555e+00,8.689604e-04
5.498295e+00,8.689604e-04
5.625058e+00,8.689604e-04
5.751816e+00,8.689604e-04
5.878561e+00,8.689604e-04
6.036998e+00,8.689604e-04
6.163750e+00,8.689604e-04
6.322197e+00,8.689604e-04
6.448950e+00,8.689604e-04
6.607391e+00,8.689604e-04
6.765829e+00,8.689604e-04
6.924270e+00,8.689604e-04
7.082702e+00,8.689604e-04
7.241158e+00,8.689604e-04
7.399596e+00,8.689604e-04
7.589724e+00,8.689604e-04
7.748167e+00,8.689604e-04
7.938291e+00,8.689604e-04
8.128417e+00,8.689604e-04
8.318538e+00,8.689604e-04
8.508676e+00,8.709636e-04
8.698793e+00,8.709636e-04
8.920619e+00,8.709636e-04
9.110747e+00,8.709636e-04
9.332564e+00,8.709636e-04
9.554391e+00,8.709636e-04
9.776198e+00,8.709636e-04
9.998020e+00,8.709636e-04