age,lum
4.931477e-04,5.495409e+00
5.006532e-04,5.432503e+00
5.160134e-04,5.321083e+00
5.238766e-04,5.272299e+00
5.399804e-04,5.164164e+00
5.566023e-04,5.046613e+00
5.651087e-04,5.000345e+00
5.825363e-04,4.897788e+00
5.914554e-04,4.841724e+00
6.097278e-04,4.742420e+00
6.190803e-04,4.688134e+00
6.382400e-04,4.591980e+00
6.480477e-04,4.539416e+00
6.681393e-04,4.446313e+00
6.784299e-04,4.395416e+00
6.995053e-04,4.305266e+00
7.103036e-04,4.255984e+00
7.324197e-04,4.168694e+00
7.437552e-04,4.120975e+00
7.669746e-04,4.036454e+00
7.788790e-04,3.990249e+00
8.032690e-04,3.908409e+00
8.157724e-04,3.863670e+00
8.414068e-04,3.775722e+00
8.545451e-04,3.741106e+00
8.815054e-04,3.655948e+00
8.953235e-04,3.614099e+00
9.236810e-04,3.539973e+00
9.382185e-04,3.499452e+00
9.530112e-04,3.459394e+00
9.833656e-04,3.388442e+00
9.989414e-04,3.349654e+00
1.030901e-03,3.273407e+00
1.047309e-03,3.235937e+00
1.080991e-03,3.169567e+00
1.098280e-03,3.133286e+00
1.133791e-03,3.061963e+00
1.152020e-03,3.026913e+00
1.189480e-03,2.958012e+00
1.208729e-03,2.930893e+00
1.228321e-03,2.897344e+00
1.268589e-03,2.831392e+00
1.289291e-03,2.798981e+00
1.331389e-03,2.741574e+00
1.350579e-03,2.710192e+00
1.384650e-03,2.666859e+00
1.414370e-03,2.630268e+00
1.454601e-03,2.576321e+00
1.481921e-03,2.546830e+00
1.510139e-03,2.511886e+00
1.551819e-03,2.466039e+00
1.595280e-03,2.421029e+00
1.624232e-03,2.393316e+00
1.666038e-03,2.355049e+00
1.698181e-03,2.322737e+00
1.735330e-03,2.290868e+00
1.776201e-03,2.254239e+00
1.815858e-03,2.223310e+00
1.859298e-03,2.187762e+00
1.901809e-03,2.157744e+00
1.961571e-03,2.118361e+00
2.022232e-03,2.074914e+00
2.054949e-03,2.055891e+00
2.088070e-03,2.037042e+00
2.155510e-03,1.995262e+00
2.189828e-03,1.976970e+00
2.259722e-03,1.940886e+00
2.295282e-03,1.923092e+00
2.367669e-03,1.887991e+00
2.404512e-03,1.870682e+00
2.479488e-03,1.836538e+00
2.517642e-03,1.819701e+00
2.595273e-03,1.790606e+00
2.634741e-03,1.774189e+00
2.715020e-03,1.745822e+00
2.755821e-03,1.733804e+00
2.838762e-03,1.706082e+00
2.880892e-03,1.694338e+00
2.966491e-03,1.667247e+00
3.053852e-03,1.644372e+00
3.098190e-03,1.633052e+00
3.188218e-03,1.606941e+00
3.233903e-03,1.599558e+00
3.326611e-03,1.577611e+00
3.421118e-03,1.555966e+00
3.469062e-03,1.548817e+00
3.566293e-03,1.527566e+00
3.665346e-03,1.510080e+00
3.715558e-03,1.503142e+00
3.817324e-03,1.485936e+00
3.920866e-03,1.472313e+00
3.973297e-03,1.465548e+00
4.079463e-03,1.452112e+00
4.187319e-03,1.438799e+00
4.296848e-03,1.428894e+00
4.408045e-03,1.419058e+00
4.464255e-03,1.412538e+00
4.577865e-03,1.402814e+00
4.693102e-03,1.396368e+00
4.809899e-03,1.389953e+00
4.928242e-03,1.383566e+00
5.048101e-03,1.377209e+00
5.169446e-03,1.370882e+00
5.292234e-03,1.367729e+00
5.416416e-03,1.364583e+00
5.541930e-03,1.364583e+00
5.668759e-03,1.361445e+00
5.796836e-03,1.361445e+00
5.926155e-03,1.364583e+00
6.056615e-03,1.364583e+00
6.188195e-03,1.367729e+00
6.320814e-03,1.370882e+00
6.454446e-03,1.377209e+00
6.656608e-03,1.386756e+00
6.792443e-03,1.393157e+00
6.929055e-03,1.402814e+00
7.066348e-03,1.412538e+00
7.273442e-03,1.432188e+00
7.412215e-03,1.445440e+00
7.621246e-03,1.465548e+00
7.761095e-03,1.482518e+00
7.971554e-03,1.506607e+00
8.112207e-03,1.527566e+00
8.323615e-03,1.559553e+00
8.535363e-03,1.592209e+00
8.747179e-03,1.633052e+00
8.957710e-03,1.674943e+00
9.163808e-03,1.717908e+00
9.363927e-03,1.766038e+00
9.559210e-03,1.815516e+00
9.810926e-03,1.887991e+00
9.993072e-03,1.940886e+00
1.022770e-02,2.018366e+00
1.045100e-02,2.098940e+00
1.071549e-02,2.202926e+00
1.096289e-02,2.312065e+00
1.119500e-02,2.426610e+00
1.149370e-02,2.594179e+00
1.172800e-02,2.735269e+00
1.201310e-02,2.930893e+00
1.230039e-02,3.140509e+00
1.256050e-02,3.349654e+00
1.287419e-02,3.605786e+00
1.316070e-02,3.845918e+00
1.345910e-02,4.102041e+00
1.378180e-02,4.365158e+00
1.410799e-02,4.602566e+00
1.442421e-02,4.797334e+00
1.475941e-02,4.931738e+00
1.510811e-02,4.977371e+00
1.546871e-02,4.864072e+00
1.584838e-02,4.560369e+00
1.620881e-02,4.168694e+00
1.658319e-02,3.767038e+00
1.696821e-02,3.419794e+00
1.742220e-02,3.140509e+00
1.775612e-02,3.033891e+00
1.823698e-02,2.978516e+00
1.892949e-02,3.006076e+00
1.938282e-02,3.047895e+00
1.992668e-02,3.104560e+00
2.057941e-02,3.162278e+00
2.136259e-02,3.213661e+00
2.225210e-02,3.273407e+00
2.305462e-02,3.334264e+00
2.372329e-02,3.396253e+00
2.428052e-02,3.451437e+00
2.474492e-02,3.499452e+00
2.513188e-02,3.548134e+00
2.545429e-02,3.580964e+00
2.572308e-02,3.605786e+00
2.594699e-02,3.630781e+00
2.613359e-02,3.647539e+00
2.628918e-02,3.655948e+00
2.686878e-02,3.698282e+00
2.755098e-02,3.715352e+00
2.829769e-02,3.698282e+00
2.907763e-02,3.672823e+00
2.958803e-02,3.655948e+00
3.020063e-02,3.639150e+00
3.093563e-02,3.630781e+00
3.181772e-02,3.622430e+00
3.287623e-02,3.614099e+00
3.414641e-02,3.614099e+00
3.567057e-02,3.614099e+00
3.749972e-02,3.614099e+00
3.969447e-02,3.614099e+00
4.232841e-02,3.614099e+00
4.548896e-02,3.614099e+00
4.928185e-02,3.614099e+00
5.383305e-02,3.622430e+00
5.929458e-02,3.622430e+00
6.584852e-02,3.630781e+00
7.371316e-02,3.639150e+00
8.315072e-02,3.647539e+00
9.447589e-02,3.655948e+00
1.080660e-01,3.655948e+00
1.243741e-01,3.664376e+00
1.439441e-01,3.672823e+00
1.674268e-01,3.689776e+00
1.956082e-01,3.706807e+00
2.272961e-01,3.723917e+00
2.589840e-01,3.741106e+00
2.906719e-01,3.758374e+00
3.223599e-01,3.775722e+00
3.540479e-01,3.793150e+00
3.857358e-01,3.801894e+00
4.174236e-01,3.819443e+00
4.491134e-01,3.837072e+00
4.808006e-01,3.854784e+00
5.124895e-01,3.872576e+00
5.441768e-01,3.881504e+00
5.758654e-01,3.899420e+00
6.075528e-01,3.917419e+00
6.392416e-01,3.935501e+00
6.709297e-01,3.953666e+00
7.026176e-01,3.971915e+00
7.343042e-01,3.990249e+00
7.659934e-01,4.008667e+00
7.976805e-01,4.017908e+00
8.293694e-01,4.036454e+00
8.610572e-01,4.055085e+00
8.927462e-01,4.073803e+00
9.244342e-01,4.092607e+00
9.561213e-01,4.111497e+00
9.878090e-01,4.130475e+00
1.019499e+00,4.149540e+00
1.051189e+00,4.168694e+00
1.082869e+00,4.178304e+00
1.114559e+00,4.197590e+00
1.146249e+00,4.216965e+00
1.177940e+00,4.236430e+00
1.209631e+00,4.265795e+00
1.241309e+00,4.285485e+00
1.272999e+00,4.305266e+00
1.304689e+00,4.325138e+00
1.336380e+00,4.345102e+00
1.368069e+00,4.375221e+00
1.399761e+00,4.395416e+00
1.431440e+00,4.425884e+00
1.463130e+00,4.456562e+00
1.494820e+00,4.477133e+00
1.526511e+00,4.508167e+00
1.558199e+00,4.539416e+00
1.589879e+00,4.560369e+00
1.621571e+00,4.581419e+00
1.653259e+00,4.602566e+00
1.684950e+00,4.623810e+00
1.716639e+00,4.634469e+00
1.748320e+00,4.655861e+00
1.780008e+00,4.666594e+00
1.811699e+00,4.688134e+00
1.843389e+00,4.698941e+00
1.875081e+00,4.709773e+00
1.901481e+00,4.720630e+00
1.929479e+00,4.764310e+00
1.952810e+00,4.786301e+00
1.980811e+00,4.797334e+00
2.010750e+00,4.808393e+00
2.038689e+00,4.819478e+00
2.064719e+00,4.830588e+00
2.089080e+00,4.841724e+00
2.111932e+00,4.852885e+00
2.133448e+00,4.852885e+00
2.153758e+00,4.864072e+00
2.172971e+00,4.864072e+00
2.191190e+00,4.875285e+00
2.208488e+00,4.875285e+00
2.224959e+00,4.875285e+00
2.240629e+00,4.886524e+00
2.255568e+00,4.886524e+00
2.269818e+00,4.886524e+00
2.283432e+00,4.886524e+00
2.296461e+00,4.886524e+00
2.308953e+00,4.897788e+00
2.320908e+00,4.897788e+00
2.332400e+00,4.897788e+00
2.343441e+00,4.897788e+00
2.354052e+00,4.897788e+00
2.364259e+00,4.897788e+00
2.374089e+00,4.909079e+00
2.383570e+00,4.909079e+00
2.392688e+00,4.909079e+00
2.401458e+00,4.909079e+00
2.409922e+00,4.909079e+00
2.418071e+00,4.909079e+00
2.425940e+00,4.909079e+00
2.433537e+00,4.909079e+00
2.440872e+00,4.920395e+00
2.447953e+00,4.920395e+00
2.454799e+00,4.920395e+00
2.461427e+00,4.920395e+00
2.467851e+00,4.920395e+00
2.474059e+00,4.920395e+00
2.480070e+00,4.931738e+00
2.485891e+00,4.931738e+00
2.491552e+00,4.931738e+00
2.497020e+00,4.931738e+00
2.502332e+00,4.931738e+00
2.507477e+00,4.943107e+00
2.512471e+00,4.943107e+00
2.517318e+00,4.943107e+00
2.522029e+00,4.943107e+00
2.526597e+00,4.954502e+00
2.531040e+00,4.954502e+00
2.535362e+00,4.954502e+00
2.539540e+00,4.954502e+00
2.543589e+00,4.965923e+00
2.547522e+00,4.965923e+00
2.551332e+00,4.965923e+00
2.555030e+00,4.977371e+00
2.558621e+00,4.977371e+00
2.562100e+00,4.977371e+00
2.565482e+00,4.977371e+00
2.568769e+00,4.988845e+00
2.571959e+00,4.988845e+00
2.575052e+00,5.000345e+00
2.578072e+00,5.000345e+00
2.580988e+00,5.000345e+00
2.583842e+00,5.011872e+00
2.586598e+00,5.011872e+00
2.589292e+00,5.023426e+00
2.591899e+00,5.023426e+00
2.594448e+00,5.023426e+00
2.596923e+00,5.035006e+00
2.599327e+00,5.035006e+00
2.601669e+00,5.046613e+00
2.603952e+00,5.046613e+00
2.606172e+00,5.058247e+00
2.608333e+00,5.058247e+00
2.610430e+00,5.069907e+00
2.612480e+00,5.069907e+00
2.614472e+00,5.081594e+00
2.616411e+00,5.081594e+00
2.618298e+00,5.093309e+00
2.620137e+00,5.093309e+00
2.621942e+00,5.105050e+00
2.623693e+00,5.105050e+00
2.625391e+00,5.116818e+00
2.627048e+00,5.116818e+00
2.628670e+00,5.128614e+00
2.630250e+00,5.128614e+00
2.631783e+00,5.140437e+00
2.633280e+00,5.140437e+00
2.634741e+00,5.152286e+00
2.636167e+00,5.152286e+00
2.637558e+00,5.164164e+00
2.638913e+00,5.164164e+00
2.640219e+00,5.176068e+00
2.641502e+00,5.188000e+00
2.642750e+00,5.199960e+00
2.643961e+00,5.211947e+00
2.645142e+00,5.223962e+00
2.646281e+00,5.223962e+00
2.647390e+00,5.236004e+00
2.648482e+00,5.236004e+00
2.649531e+00,5.248075e+00
2.650562e+00,5.260173e+00
2.651551e+00,5.260173e+00
2.652528e+00,5.272299e+00
2.653469e+00,5.284453e+00
2.654392e+00,5.296634e+00
2.655290e+00,5.296634e+00
2.656159e+00,5.308844e+00
2.657009e+00,5.321083e+00
2.657841e+00,5.321083e+00
2.658643e+00,5.333349e+00
2.659433e+00,5.345644e+00
2.660192e+00,5.357967e+00
2.660939e+00,5.357967e+00
2.661663e+00,5.370318e+00
2.662367e+00,5.382698e+00
2.663060e+00,5.395106e+00
2.663729e+00,5.395106e+00