age,lum
4.934726e-04,4.305266e+00
5.010245e-04,4.255984e+00
5.164925e-04,4.168694e+00
5.244185e-04,4.120975e+00
5.406634e-04,4.036454e+00
5.489831e-04,3.990249e+00
5.660438e-04,3.899420e+00
5.747831e-04,3.863670e+00
5.927042e-04,3.775722e+00
6.018857e-04,3.732502e+00
6.207147e-04,3.655948e+00
6.303634e-04,3.614099e+00
6.501536e-04,3.531832e+00
6.602965e-04,3.499452e+00
6.810986e-04,3.419794e+00
6.917657e-04,3.380648e+00
7.136364e-04,3.303695e+00
7.248548e-04,3.273407e+00
7.478595e-04,3.198895e+00
7.596525e-04,3.162278e+00
7.838483e-04,3.090295e+00
7.962547e-04,3.054921e+00
8.217051e-04,2.992265e+00
8.347569e-04,2.958012e+00
8.615252e-04,2.890680e+00
8.752558e-04,2.857591e+00
8.892134e-04,2.824880e+00
9.178527e-04,2.760578e+00
9.325368e-04,2.728978e+00
9.626557e-04,2.673006e+00
9.781017e-04,2.642409e+00
1.009781e-03,2.582260e+00
1.026030e-03,2.552701e+00
1.059349e-03,2.494595e+00
1.076440e-03,2.466039e+00
1.111509e-03,2.409905e+00
1.129489e-03,2.382319e+00
1.147781e-03,2.355049e+00
1.185310e-03,2.301442e+00
1.204559e-03,2.275097e+00
1.244071e-03,2.223310e+00
1.264349e-03,2.197860e+00
1.305960e-03,2.147830e+00
1.327321e-03,2.123244e+00
1.349050e-03,2.098940e+00
1.393680e-03,2.051162e+00
1.416589e-03,2.027683e+00
1.463629e-03,1.981527e+00
1.487791e-03,1.958845e+00
1.512380e-03,1.936422e+00
1.561540e-03,1.896706e+00
1.583551e-03,1.874995e+00
1.622680e-03,1.845015e+00
1.657528e-03,1.815516e+00
1.702758e-03,1.782379e+00
1.748771e-03,1.749847e+00
1.778091e-03,1.729816e+00
1.824072e-03,1.702159e+00
1.870428e-03,1.671091e+00
1.902738e-03,1.651962e+00
1.947139e-03,1.625549e+00
1.994362e-03,1.599558e+00
2.040972e-03,1.573983e+00
2.086661e-03,1.552387e+00
2.135089e-03,1.527566e+00
2.187152e-03,1.503142e+00
2.235919e-03,1.482518e+00
2.286841e-03,1.458814e+00
2.360179e-03,1.428894e+00
2.400850e-03,1.415794e+00
2.483848e-03,1.383566e+00
2.526190e-03,1.367729e+00
2.569100e-03,1.355189e+00
2.656660e-03,1.327394e+00
2.701320e-03,1.312200e+00
2.792390e-03,1.285287e+00
2.838827e-03,1.273503e+00
2.885858e-03,1.258925e+00
2.981748e-03,1.233105e+00
3.030617e-03,1.221800e+00
3.130199e-03,1.199499e+00
3.180929e-03,1.185769e+00
3.232288e-03,1.174898e+00
3.336891e-03,1.153453e+00
3.390151e-03,1.142878e+00
3.498573e-03,1.122018e+00
3.553743e-03,1.111732e+00
3.665996e-03,1.093956e+00
3.723103e-03,1.083927e+00
3.839264e-03,1.064143e+00
3.898334e-03,1.056818e+00
4.018463e-03,1.039920e+00
4.079529e-03,1.030386e+00
4.203703e-03,1.013911e+00
4.266787e-03,1.006932e+00
4.395021e-03,9.908319e-01
4.460155e-03,9.840111e-01
4.592435e-03,9.705100e-01
4.727418e-03,9.571941e-01
4.795910e-03,9.506048e-01
4.934907e-03,9.397233e-01
5.005414e-03,9.332543e-01
5.148397e-03,9.204496e-01
5.294062e-03,9.099133e-01
5.367882e-03,9.057326e-01
5.517521e-03,8.953648e-01
5.669803e-03,8.871560e-01
5.746944e-03,8.830799e-01
5.903166e-03,8.729714e-01
6.061973e-03,8.669619e-01
6.223347e-03,8.590135e-01
6.304984e-03,8.550667e-01
6.470115e-03,8.491805e-01
6.637706e-03,8.433348e-01
6.807694e-03,8.394600e-01
6.980057e-03,8.336812e-01
7.067112e-03,8.317638e-01
7.242925e-03,8.279422e-01
7.420924e-03,8.260379e-01
7.601075e-03,8.241381e-01
7.783304e-03,8.222426e-01
7.967572e-03,8.203515e-01
8.153780e-03,8.203515e-01
8.341900e-03,8.203515e-01
8.531846e-03,8.203515e-01
8.723545e-03,8.203515e-01
8.916943e-03,8.222426e-01
9.111922e-03,8.260379e-01
9.407149e-03,8.298508e-01
9.605700e-03,8.336812e-01
9.805574e-03,8.375293e-01
1.000670e-02,8.433348e-01
1.020900e-02,8.491805e-01
1.051461e-02,8.590135e-01
1.071951e-02,8.649679e-01
1.102869e-02,8.770008e-01
1.123570e-02,8.851156e-01
1.154769e-02,9.015711e-01
1.175639e-02,9.120108e-01
1.207069e-02,9.311079e-01
1.228081e-02,9.462372e-01
1.259691e-02,9.682779e-01
1.291380e-02,9.931160e-01
1.323150e-02,1.018591e+00
1.354350e-02,1.047129e+00
1.384860e-02,1.076465e+00
1.414660e-02,1.106624e+00
1.443720e-02,1.140250e+00
1.481259e-02,1.185769e+00
1.517560e-02,1.235947e+00
1.552630e-02,1.288250e+00
1.586430e-02,1.339677e+00
1.619168e-02,1.393157e+00
1.658368e-02,1.462177e+00
1.695622e-02,1.534617e+00
1.737749e-02,1.621810e+00
1.777088e-02,1.706082e+00
1.819801e-02,1.807174e+00
1.859611e-02,1.905461e+00
1.902182e-02,2.013724e+00
1.945490e-02,2.118361e+00
1.995042e-02,2.228435e+00
2.038609e-02,2.301442e+00
2.089041e-02,2.349633e+00
2.138351e-02,2.360478e+00
2.183851e-02,2.328091e+00
2.233691e-02,2.254239e+00
2.287110e-02,2.137962e+00
2.345352e-02,1.995262e+00
2.394677e-02,1.874995e+00
2.456943e-02,1.741807e+00
2.526411e-02,1.633052e+00
2.585461e-02,1.573983e+00
2.624110e-02,1.548817e+00
2.726139e-02,1.517050e+00
2.792917e-02,1.517050e+00
2.873062e-02,1.524053e+00
2.969231e-02,1.534617e+00
3.084629e-02,1.548817e+00
3.223116e-02,1.563148e+00
3.389300e-02,1.573983e+00
3.588707e-02,1.592209e+00
3.828009e-02,1.603245e+00
4.115172e-02,1.621810e+00
4.459755e-02,1.644372e+00
4.873265e-02,1.663413e+00
5.369465e-02,1.682674e+00
5.964925e-02,1.698244e+00
6.679455e-02,1.706082e+00
7.536904e-02,1.717908e+00
8.565841e-02,1.721869e+00
9.800585e-02,1.725838e+00
1.128221e-01,1.733804e+00
1.306030e-01,1.737801e+00
1.519389e-01,1.741807e+00
1.775420e-01,1.749847e+00
2.082658e-01,1.753881e+00
2.399540e-01,1.761976e+00
2.716421e-01,1.766038e+00
3.033297e-01,1.774189e+00
3.350179e-01,1.782379e+00
3.667060e-01,1.786488e+00
3.983942e-01,1.790606e+00
4.300817e-01,1.798871e+00
4.617703e-01,1.803018e+00
4.934589e-01,1.811340e+00
5.251471e-01,1.815516e+00
5.568356e-01,1.823896e+00
5.885224e-01,1.828100e+00
6.202103e-01,1.832314e+00
6.518985e-01,1.840772e+00
6.835873e-01,1.845015e+00
7.152749e-01,1.853532e+00
7.469628e-01,1.857804e+00
7.786513e-01,1.866380e+00
8.103395e-01,1.870682e+00
8.420289e-01,1.879317e+00
8.737154e-01,1.883649e+00
9.054031e-01,1.892344e+00
9.370915e-01,1.896706e+00
9.687796e-01,1.905461e+00
1.000470e+00,1.909853e+00
1.032160e+00,1.918669e+00
1.063839e+00,1.923092e+00
1.095529e+00,1.931968e+00
1.127221e+00,1.936422e+00
1.158911e+00,1.945360e+00
1.190600e+00,1.949845e+00
1.222281e+00,1.958845e+00
1.253970e+00,1.967886e+00
1.285660e+00,1.972423e+00
1.317349e+00,1.981527e+00
1.349041e+00,1.986095e+00
1.380731e+00,1.995262e+00
1.412411e+00,2.004472e+00
1.444099e+00,2.009093e+00
1.475791e+00,2.018366e+00
1.507482e+00,2.027683e+00
1.539171e+00,2.032357e+00
1.570851e+00,2.041738e+00
1.602540e+00,2.051162e+00
1.634229e+00,2.055891e+00
1.665919e+00,2.065380e+00
1.697610e+00,2.074914e+00
1.729291e+00,2.084491e+00
1.760978e+00,2.089296e+00
1.792669e+00,2.098940e+00
1.824362e+00,2.108628e+00
1.856051e+00,2.113489e+00
1.887731e+00,2.123244e+00
1.919420e+00,2.133045e+00
1.951111e+00,2.142891e+00
1.982800e+00,2.147830e+00
2.014489e+00,2.157744e+00
2.046171e+00,2.167704e+00
2.077859e+00,2.177710e+00
2.109551e+00,2.187762e+00
2.141238e+00,2.192805e+00
2.172931e+00,2.202926e+00
2.204621e+00,2.213095e+00
2.236300e+00,2.223310e+00
2.267989e+00,2.233572e+00
2.299678e+00,2.238721e+00
2.331369e+00,2.249055e+00
2.363061e+00,2.259436e+00
2.394738e+00,2.269865e+00
2.426431e+00,2.280342e+00
2.458120e+00,2.285599e+00
2.489809e+00,2.296149e+00
2.521500e+00,2.306747e+00
2.553177e+00,2.317395e+00
2.584872e+00,2.328091e+00
2.616562e+00,2.338837e+00
2.648250e+00,2.349633e+00
2.679940e+00,2.360478e+00
2.711621e+00,2.371374e+00
2.743311e+00,2.382319e+00
2.775000e+00,2.393316e+00
2.806687e+00,2.398833e+00
2.838383e+00,2.409905e+00
2.870067e+00,2.421029e+00
2.901750e+00,2.426610e+00
2.933439e+00,2.437811e+00
2.965132e+00,2.449063e+00
2.996822e+00,2.454709e+00
3.028510e+00,2.466039e+00
3.060187e+00,2.471724e+00
3.091883e+00,2.483133e+00
3.123568e+00,2.488857e+00
3.155259e+00,2.494595e+00
3.186948e+00,2.511886e+00
3.218630e+00,2.517677e+00
3.250319e+00,2.523481e+00
3.282011e+00,2.523481e+00
3.311029e+00,2.546830e+00
3.335209e+00,2.564484e+00
3.364232e+00,2.576321e+00
3.395909e+00,2.582260e+00
3.427599e+00,2.582260e+00
3.459290e+00,2.588213e+00
3.490977e+00,2.594179e+00
3.522670e+00,2.594179e+00
3.554357e+00,2.600160e+00
3.586039e+00,2.606154e+00
3.612451e+00,2.612161e+00
3.644140e+00,2.618183e+00
3.675826e+00,2.624219e+00
3.707507e+00,2.624219e+00
3.736827e+00,2.630268e+00
3.761248e+00,2.636331e+00
3.781612e+00,2.660725e+00
3.806028e+00,2.666859e+00
3.835341e+00,2.666859e+00
3.866099e+00,2.673006e+00
3.894754e+00,2.673006e+00
3.921462e+00,2.673006e+00
3.946426e+00,2.679168e+00
3.969840e+00,2.679168e+00
3.991866e+00,2.679168e+00
4.012629e+00,2.679168e+00
4.032237e+00,2.685344e+00
4.050811e+00,2.685344e+00
4.068422e+00,2.685344e+00
4.085141e+00,2.691535e+00
4.101049e+00,2.691535e+00
4.116215e+00,2.691535e+00
4.130656e+00,2.691535e+00
4.144432e+00,2.697739e+00
4.157584e+00,2.697739e+00
4.170153e+00,2.697739e+00
4.182183e+00,2.703958e+00
4.193697e+00,2.703958e+00
4.204787e+00,2.703958e+00
4.215431e+00,2.710192e+00
4.225635e+00,2.710192e+00
4.235464e+00,2.710192e+00
4.244895e+00,2.716439e+00
4.253976e+00,2.716439e+00
4.262742e+00,2.716439e+00
4.271171e+00,2.722701e+00
4.279303e+00,2.722701e+00
4.287133e+00,2.722701e+00
4.294702e+00,2.728978e+00
4.301996e+00,2.728978e+00
4.309055e+00,2.735269e+00
4.315866e+00,2.735269e+00
4.322450e+00,2.735269e+00
4.328825e+00,2.741574e+00
4.334979e+00,2.741574e+00
4.340942e+00,2.741574e+00
4.346693e+00,2.747894e+00
4.352252e+00,2.747894e+00
4.357616e+00,2.754229e+00
4.362827e+00,2.754229e+00
4.367863e+00,2.760578e+00
4.372733e+00,2.766942e+00
4.377448e+00,2.766942e+00
4.382016e+00,2.773320e+00
4.386448e+00,2.773320e+00
4.390743e+00,2.779713e+00
4.394890e+00,2.779713e+00
4.398919e+00,2.786121e+00
4.402821e+00,2.786121e+00
4.406604e+00,2.792544e+00
4.410248e+00,2.798981e+00
4.413804e+00,2.798981e+00
4.417230e+00,2.805434e+00
4.420557e+00,2.811901e+00
4.423795e+00,2.811901e+00
4.426923e+00,2.818383e+00
4.429952e+00,2.824880e+00
4.432901e+00,2.824880e+00
4.435749e+00,2.831392e+00
4.438528e+00,2.837919e+00
4.441217e+00,2.837919e+00
4.443826e+00,2.844461e+00
4.446364e+00,2.851018e+00
4.448832e+00,2.851018e+00
4.451219e+00,2.857591e+00
4.453536e+00,2.864178e+00
4.455793e+00,2.870781e+00
4.457979e+00,2.877398e+00
4.460104e+00,2.884032e+00
4.462159e+00,2.890680e+00
4.464152e+00,2.890680e+00
4.466085e+00,2.897344e+00
4.467967e+00,2.904023e+00
4.469799e+00,2.910717e+00
4.471570e+00,2.917427e+00
4.473289e+00,2.917427e+00
4.474958e+00,2.924152e+00
4.476587e+00,2.930893e+00
4.478164e+00,2.937650e+00
4.479680e+00,2.944422e+00
4.481155e+00,2.951209e+00
4.482600e+00,2.958012e+00
4.484004e+00,2.964831e+00