*BLOCK: k-table     

Lookup table:    3 pressures,    4 temperatures.
 1.000000E+00 2.000000E+02 5.000000E+02 1.000000E+03 2.000000E+03
 1.000000E+03 2.000000E+02 5.000000E+02 1.000000E+03 2.000000E+03
 1.000000E+06 2.000000E+02 5.000000E+02 1.000000E+03 2.000000E+03

Band:    1, gas:    1, k-terms:   13
 1.536603E-11 1.228214E-08 8.709967E-08 3.342196E-07
 1.533940E-08 1.228209E-05 8.692052E-05 3.329827E-04
 1.276894E-05 9.599079E-03 1.948013E-02 6.872954E-02
 3.483732E-11 2.146955E-08 1.452257E-07 2.615670E-06
 3.473884E-08 2.146933E-05 1.451002E-04 2.611339E-03
 2.715216E-05 1.564759E-02 9.998921E-02 6.300050E-01
 1.188285E-10 4.790682E-08 4.890118E-07 1.018299E-05
 1.174037E-07 4.787549E-05 4.876787E-04 9.751537E-03
 7.281424E-05 3.047898E-02 3.203739E-01 6.250440E+00
 1.546604E-09 2.397589E-07 2.371051E-06 5.466875E-05
 1.506309E-06 2.364271E-04 2.281713E-03 4.551713E-02
 7.172763E-04 9.455826E-02 1.060430E+00 2.483042E+01
 2.480003E-08 1.710187E-06 1.428591E-05 3.368735E-04
 2.377265E-05 1.619201E-03 1.262727E-02 2.887146E-01
 7.950560E-03 5.005237E-01 4.343264E+00 1.095988E+02
 9.287671E-07 1.929499E-05 8.314781E-05 1.535634E-03
 8.730459E-04 1.437712E-02 6.987908E-02 1.327976E+00
 2.482569E-01 4.745497E+00 2.553061E+01 5.435047E+02
 1.144348E-03 2.482357E-03 4.655336E-03 2.873331E-02
 1.220897E-01 4.043342E-01 1.054647E+00 1.743360E+01
 4.211654E+01 1.015132E+02 1.691043E+02 2.818891E+03
 1.165959E-01 7.052930E-01 3.744177E+01 4.404816E+03
 9.707009E+01 1.369171E+02 3.093127E+02 8.133474E+03
 1.789367E+03 1.664525E+03 1.457650E+03 1.551030E+04
 6.144153E-01 7.556954E+00 4.723585E+02 3.506546E+04
 4.610176E+02 6.463169E+02 1.205812E+03 4.000950E+04
 2.283048E+03 2.264670E+03 2.080378E+03 2.092547E+04
 4.128725E+00 1.147767E+02 3.189967E+03 1.400195E+05
 2.173686E+03 2.976805E+03 5.227203E+03 1.381028E+05
 3.274241E+03 3.263294E+03 2.893622E+03 2.718504E+04
 4.437558E+01 2.284725E+03 1.881074E+04 4.210156E+05
 1.250365E+04 1.424560E+04 2.249891E+04 3.975563E+05
 4.299369E+03 4.762849E+03 4.068619E+03 3.457751E+04
 8.932645E+02 2.960292E+04 1.011527E+05 9.962728E+05
 6.356833E+04 7.568929E+04 9.851336E+04 9.092142E+05
 4.754650E+03 5.807760E+03 5.268415E+03 4.690615E+04
 4.828537E+04 3.688074E+05 3.584136E+05 2.377522E+06
 2.948504E+05 3.795020E+05 3.120243E+05 2.187456E+06
 4.994929E+03 6.698006E+03 6.126780E+03 6.310658E+04

Band:    2, gas:    1, k-terms:    9
 1.399320E-10 3.259095E-08 3.342131E-07 8.064177E-06
 1.394067E-07 3.255979E-05 3.324159E-04 7.560482E-03
 9.887521E-05 2.166980E-02 2.285848E-01 5.600132E+00
 1.523751E-09 1.921978E-07 1.947440E-06 4.309519E-05
 1.487210E-06 1.897509E-04 1.898594E-03 3.896150E-02
 7.141929E-04 7.415133E-02 8.910997E-01 2.581869E+01
 6.007457E-08 2.294941E-06 1.061240E-05 1.707135E-04
 5.635582E-05 2.064010E-03 9.701856E-03 1.537319E-01
 1.487519E-02 5.449562E-01 3.553758E+00 7.653861E+01
 1.066082E-05 4.165371E-05 8.581586E-05 1.271596E-03
 6.620509E-03 2.580138E-02 5.828592E-02 8.089794E-01
 1.974929E+00 9.299527E+00 1.605664E+01 2.302733E+02
 1.114061E-03 5.121546E-03 1.535916E-02 2.732109E+00
 2.738659E-01 4.942601E-01 1.239612E+00 2.548464E+01
 6.584754E+01 6.993062E+01 6.800668E+01 7.870419E+02
 4.450187E-02 7.779088E+00 1.871912E+02 5.859364E+03
 2.258149E+01 4.645454E+01 2.026336E+02 5.832764E+03
 3.117296E+02 2.746539E+02 2.208494E+02 2.158484E+03
 5.145007E-01 1.283258E+02 8.087663E+02 1.337139E+04
 1.148438E+02 2.413299E+02 8.197771E+02 1.319963E+04
 3.938306E+02 3.443526E+02 3.009125E+02 2.704469E+03
 8.108503E+01 2.071150E+03 3.319261E+03 2.893847E+04
 1.094999E+03 2.369156E+03 3.249491E+03 2.843486E+04
 4.708787E+02 4.091421E+02 3.822531E+02 3.765691E+03
 1.393747E+04 2.093401E+04 1.203258E+04 6.049593E+04
 1.987206E+04 1.937892E+04 1.147610E+04 5.908625E+04
 6.535512E+02 4.845441E+02 4.981315E+02 6.301734E+03

Band:    3, gas:    1, k-terms:    9
 3.917895E-12 1.733061E-09 2.246383E-08 5.767329E-07
 3.778760E-09 1.724024E-06 2.184743E-05 5.233067E-04
 1.592314E-06 6.146201E-04 8.609791E-03 2.089403E-01
 3.414046E-11 1.620228E-08 2.280870E-07 5.758914E-06
 3.001067E-08 1.528831E-05 2.047064E-04 4.695999E-03
 6.558148E-06 2.352382E-03 4.181460E-02 1.512082E+00
 3.469579E-10 1.123128E-07 9.821534E-07 2.193812E-05
 2.833868E-07 9.731112E-05 8.387326E-04 1.633886E-02
 7.716377E-05 1.534037E-02 2.314506E-01 6.278628E+00
 2.955753E-08 5.588016E-06 4.031318E-04 6.828379E-03
 2.052709E-05 1.284665E-03 7.335995E-03 1.248064E-01
 5.012177E-03 1.342624E-01 8.369086E-01 1.944062E+01
 2.371949E-06 7.695105E-03 2.608131E-01 1.919717E+01
 5.019368E-04 2.667009E-02 4.109708E-01 2.085133E+01
 5.716432E-02 8.469022E-01 3.085711E+00 6.572305E+01
 1.974150E-03 1.141578E+00 1.589697E+01 4.431833E+02
 1.427942E-02 1.436753E+00 1.594013E+01 4.413333E+02
 2.827673E-01 5.581057E+00 1.385593E+01 2.407295E+02
 1.742029E-01 2.129711E+01 1.049798E+02 2.293410E+03
 5.811524E-01 2.135161E+01 1.035079E+02 2.272580E+03
 1.031782E+00 1.990275E+01 3.822922E+01 5.965857E+02
 2.655356E+00 8.766795E+01 2.908244E+02 4.613045E+03
 3.607045E+00 9.066954E+01 2.881843E+02 4.572281E+03
 1.799464E+00 2.977984E+01 4.593025E+01 9.621781E+02
 5.760023E+01 7.336336E+02 1.194463E+03 1.161232E+04
 4.732647E+01 7.112211E+02 1.157803E+03 1.146770E+04
 2.221684E+00 3.579135E+01 6.207967E+01 2.347595E+03

Band:    4, gas:    1, k-terms:    8
 9.661684E-08 2.554524E-07 7.442435E-07 1.106345E-05
 9.400051E-05 2.477729E-04 7.254395E-04 1.009912E-02
 6.035576E-02 1.180074E-01 3.443480E-01 5.911744E+00
 4.738826E-07 2.059133E-06 5.629458E-06 1.026272E-04
 4.373773E-04 1.712514E-03 4.587400E-03 6.604569E-02
 2.116900E-01 4.525969E-01 1.081064E+00 2.059760E+01
 3.410549E-06 2.044765E-05 5.310445E-05 2.964017E-03
 2.735997E-03 1.100131E-02 2.545109E-02 3.796140E-01
 6.641184E-01 1.630927E+00 4.722355E+00 9.191514E+01
 9.640307E-05 4.143232E-03 3.656123E-02 4.984925E+00
 3.019110E-02 1.116845E-01 3.324149E-01 8.817198E+00
 2.004051E+00 1.598868E+01 2.092203E+01 2.682856E+02
 9.493742E-03 8.382485E-01 1.472902E+01 5.466093E+02
 1.535290E+00 3.652694E+00 1.624791E+01 5.519608E+02
 1.077918E+02 9.692281E+01 8.151179E+01 8.585328E+02
 4.868181E+00 9.914004E+01 2.830379E+02 4.614519E+03
 4.430406E+01 1.163547E+02 2.856044E+02 4.598210E+03
 2.595589E+02 2.248658E+02 1.967571E+02 1.895266E+03
 1.609189E+02 8.335762E+02 1.197113E+03 1.106127E+04
 3.156897E+02 8.593835E+02 1.188425E+03 1.098475E+04
 3.467218E+02 2.905327E+02 2.699333E+02 2.769665E+03
 4.578855E+03 7.339501E+03 4.667933E+03 2.665402E+04
 5.276356E+03 7.074674E+03 4.570220E+03 2.638641E+04
 4.037974E+02 4.337535E+02 3.743095E+02 4.654569E+03

Band:    5, gas:    1, k-terms:    9
 2.599614E-10 4.850915E-09 2.613819E-08 5.974279E-07
 2.204513E-07 4.601805E-06 2.336686E-05 4.623051E-04
 9.389743E-05 1.660030E-03 9.225999E-03 1.946231E-01
 3.720464E-09 5.655514E-08 3.325983E-07 1.432026E-05
 2.704921E-06 3.983659E-05 1.972643E-04 4.224831E-03
 8.383334E-04 6.659956E-03 4.214595E-02 1.090690E+00
 3.323283E-08 1.375622E-06 4.235637E-05 5.050969E-03
 2.132171E-05 3.060175E-04 1.814248E-03 4.057249E-02
 3.372491E-03 3.282811E-02 1.760500E-01 4.406574E+00
 3.918707E-07 3.104018E-04 8.348766E-03 4.263396E-01
 1.670335E-04 2.896497E-03 1.920038E-02 6.731359E-01
 2.059105E-02 1.527564E-01 6.703725E-01 2.009878E+01
 1.204861E-05 1.289525E-02 2.751557E-01 1.424243E+01
 1.477489E-03 2.462871E-02 3.135706E-01 1.471141E+01
 1.321525E-01 7.085584E-01 3.010614E+00 9.075465E+01
 3.298616E-03 3.495014E-01 5.528591E+00 2.324546E+02
 1.873791E-02 4.052598E-01 5.601012E+00 2.330969E+02
 5.904487E-01 2.325662E+00 1.056802E+01 2.972629E+02
 2.361005E-01 8.452693E+00 4.939912E+01 1.694260E+03
 4.151764E-01 8.672629E+00 4.927593E+01 1.689610E+03
 1.362745E+00 5.203336E+00 3.518252E+01 8.523935E+02
 2.908880E+00 4.390672E+01 1.954713E+02 4.623580E+03
 3.691178E+00 4.319854E+01 1.941148E+02 4.599426E+03
 1.652316E+00 1.119741E+01 8.633721E+01 1.889567E+03
 6.580635E+01 2.063347E+02 7.690460E+02 1.143924E+04
 6.064015E+01 1.994143E+02 7.594839E+02 1.138104E+04
 1.796396E+00 2.384159E+01 1.863900E+02 3.821841E+03

Band:    6, gas:    1, k-terms:    8
 3.433134E-10 8.649974E-09 3.786512E-08 1.135343E-06
 2.539397E-07 7.731921E-06 2.851192E-05 4.945900E-04
 9.947319E-05 2.993992E-03 9.860599E-03 1.332030E-01
 6.826536E-09 1.440261E-07 9.048230E-07 2.072635E-05
 4.568284E-06 7.764459E-05 3.940271E-04 7.403835E-03
 2.149500E-03 1.143353E-02 4.596568E-02 9.681003E-01
 2.237957E-08 8.904395E-07 3.093650E-06 9.162002E-05
 1.527670E-05 3.427945E-04 1.484492E-03 2.342999E-02
 6.575465E-03 4.846936E-02 2.265037E-01 5.421458E+00
 6.722022E-07 1.157284E-05 2.409585E-04 1.500467E-02
 3.707772E-04 2.617357E-03 6.325295E-03 1.029380E-01
 3.608501E-02 3.824127E-01 1.133167E+00 1.765956E+01
 6.127872E-05 5.900789E-03 6.881322E-02 3.701428E+00
 1.140356E-02 2.913183E-02 1.208800E-01 4.087519E+00
 2.017578E+00 3.386747E+00 3.957519E+00 5.397340E+01
 1.520094E-02 1.465442E+00 9.902000E+00 2.678476E+02
 5.901583E-01 2.116162E+00 1.005590E+01 2.676450E+02
 1.810345E+01 1.589089E+01 1.338142E+01 1.539937E+02
 1.323365E+01 8.048474E+01 1.174781E+02 1.144977E+03
 2.521259E+01 8.269799E+01 1.166265E+02 1.138870E+03
 3.190771E+01 3.211311E+01 2.955788E+01 3.082278E+02
 2.832493E+02 4.798579E+02 3.204382E+02 1.966399E+03
 3.139383E+02 4.716924E+02 3.164815E+02 1.954788E+03
 3.859153E+01 4.355060E+01 4.136584E+01 4.455303E+02

Band:    7, gas:    1, k-terms:    7
 4.067830E-10 1.085137E-08 1.873928E-07 1.044390E-04
 2.726659E-07 5.691647E-06 4.588228E-05 1.275314E-03
 7.830438E-05 6.978681E-04 5.503845E-03 1.107759E-01
 1.088167E-08 1.103207E-06 1.052348E-04 1.191503E-02
 3.971729E-06 1.479443E-04 9.208728E-04 2.609269E-02
 3.610196E-04 5.703561E-03 4.519464E-02 1.334961E+00
 2.439732E-07 2.181987E-04 6.003030E-03 3.188211E-01
 7.941968E-05 1.212698E-03 8.933185E-03 3.591573E-01
 6.080738E-03 5.313800E-02 2.315661E-01 5.805021E+00
 1.461288E-04 1.003944E-02 1.913019E-01 7.976378E+00
 3.326238E-03 1.657544E-02 2.008548E-01 8.052742E+00
 2.857453E-01 4.118335E-01 8.863619E-01 1.882072E+01
 1.073145E-02 9.952614E-01 4.393992E+00 9.480037E+01
 7.465230E-02 1.037238E+00 4.386604E+00 9.457590E+01
 1.205394E+00 1.727892E+00 3.395214E+00 6.022628E+01
 1.589048E+01 3.097285E+01 3.808345E+01 5.404602E+02
 1.742217E+01 3.038338E+01 3.779272E+01 5.384993E+02
 2.787770E+00 5.251131E+00 1.263802E+01 1.980925E+02
 1.606487E+02 7.682857E+01 1.201231E+02 1.134543E+03
 1.498965E+02 7.453577E+01 1.190101E+02 1.130399E+03
 3.398607E+00 1.083411E+01 2.621256E+01 3.158236E+02

Band:    8, gas:    1, k-terms:    8
 3.124250E-09 5.014057E-08 4.961912E-07 5.371030E-05
 1.183025E-06 1.693052E-05 4.321441E-05 7.629176E-04
 1.765253E-04 2.011298E-03 6.364163E-03 8.478667E-02
 2.394559E-07 5.516104E-06 8.913908E-05 8.259531E-03
 6.403474E-05 4.571289E-04 1.505011E-03 2.349277E-02
 1.199761E-02 2.456488E-02 4.050340E-02 5.886994E-01
 8.385690E-07 3.041172E-05 8.861180E-04 7.378534E-02
 3.066821E-04 1.937005E-03 5.084743E-03 1.091253E-01
 4.627889E-02 8.658027E-02 1.543217E-01 2.745153E+00
 3.435183E-06 2.444444E-04 6.585607E-03 3.357570E-01
 1.503155E-03 5.174971E-03 1.421883E-02 3.849745E-01
 2.767808E-01 7.543431E-01 9.974053E-01 1.171056E+01
 3.522993E-04 1.621318E-02 1.940437E-01 6.230513E+00
 1.722446E-02 4.727405E-02 2.188469E-01 6.350450E+00
 1.798905E+00 2.934871E+00 2.692399E+00 2.748496E+01
 1.742408E-01 3.365500E+00 8.161093E+00 1.196479E+02
 9.998085E-01 3.700778E+00 8.206491E+00 1.195111E+02
 1.298116E+01 1.131976E+01 9.289852E+00 8.621418E+01
 4.845219E+01 9.786683E+01 8.254280E+01 5.655584E+02
 5.255708E+01 9.784144E+01 8.192419E+01 5.635865E+02
 2.527056E+01 2.244146E+01 2.039594E+01 1.882031E+02
 2.484330E+02 2.911159E+02 1.760935E+02 9.664101E+02
 2.524134E+02 2.856733E+02 1.741908E+02 9.620322E+02
 2.984295E+01 2.724189E+01 2.494818E+01 2.637067E+02

Band:    9, gas:    1, k-terms:    5
 4.693583E-09 5.324030E-08 2.166184E-06 5.556482E-04
 2.891671E-06 2.331656E-05 6.603504E-05 1.475473E-03
 8.155413E-04 2.805947E-03 6.279883E-03 8.842778E-02
 9.463480E-08 6.965448E-06 2.858925E-04 1.604290E-02
 4.614510E-05 2.288054E-04 7.339034E-04 1.931478E-02
 8.360311E-03 1.456623E-02 3.470598E-02 5.921769E-01
 3.570054E-06 1.126764E-03 9.252046E-03 2.253671E-01
 4.740223E-04 2.356202E-03 1.030933E-02 2.316295E-01
 2.519671E-02 8.349762E-02 1.243248E-01 1.610743E+00
 2.434883E-03 3.380289E-02 1.667556E-01 3.859141E+00
 1.187232E-02 4.305724E-02 1.690554E-01 3.866753E+00
 5.230866E-01 4.555999E-01 4.002927E-01 4.626818E+00
 3.375223E-01 1.844398E+00 3.128792E+00 3.202763E+01
 5.182773E-01 1.880945E+00 3.118418E+00 3.193282E+01
 1.645267E+00 1.507047E+00 1.252456E+00 1.191497E+01

Band:   10, gas:    1, k-terms:    3
 1.431675E-07 6.471361E-05 4.944802E-04 4.376584E-03
 1.758295E-05 1.146809E-04 5.450174E-04 4.587825E-03
 2.100374E-03 2.029172E-03 2.936975E-03 1.980545E-02
 2.833367E-04 6.298275E-03 2.521878E-02 5.087610E-01
 6.363171E-04 6.466346E-03 2.548323E-02 5.110350E-01
 1.195206E-02 3.163936E-02 8.083501E-02 1.324886E+00
 2.724961E-02 1.647218E-01 4.373913E-01 9.156880E+00
 2.865796E-02 1.649007E-01 4.377840E-01 9.150723E+00
 2.809080E-02 1.644211E-01 3.851051E-01 5.813474E+00
*END
