0.014333 0.077207 0.154315
0.016066 0.082375 0.161738
0.017163 0.087266 0.169209
0.017605 0.091958 0.176728
0.018031 0.096343 0.184377
0.018549 0.100817 0.192080
0.019060 0.105298 0.199834
0.019566 0.109895 0.207689
0.020068 0.114388 0.215576
0.020568 0.119051 0.223517
0.021065 0.123671 0.231517
0.021563 0.128403 0.239539
0.022064 0.133145 0.247616
0.022570 0.137944 0.255709
0.023084 0.142737 0.263856
0.023609 0.147595 0.271975
0.024149 0.152451 0.280151
0.024707 0.157369 0.288323
0.025289 0.162348 0.296502
0.025898 0.167323 0.304661
0.026541 0.172305 0.312806
0.027221 0.177360 0.320948
0.027946 0.182382 0.329052
0.028722 0.187501 0.337111
0.029555 0.192576 0.345131
0.030452 0.197696 0.353104
0.031420 0.202834 0.361008
0.032472 0.208000 0.368873
0.033584 0.213159 0.376654
0.034998 0.218368 0.384342
0.036362 0.223569 0.391959
0.037818 0.228796 0.399469
0.039389 0.234008 0.406897
0.041091 0.239251 0.414207
0.042777 0.244481 0.421395
0.044747 0.249737 0.428474
0.046692 0.255026 0.435423
0.048810 0.260276 0.442228
0.050899 0.265543 0.448886
0.053131 0.270823 0.455392
0.055521 0.276095 0.461744
0.057908 0.281337 0.467928
0.060514 0.286592 0.473945
0.063159 0.291865 0.479795
0.065796 0.297113 0.485446
0.068614 0.302327 0.490934
0.071439 0.307548 0.496196
0.074303 0.312754 0.501291
0.077195 0.317943 0.506161
0.080231 0.323108 0.510840
0.083283 0.328232 0.515305
0.086365 0.333340 0.519561
0.089515 0.338390 0.523603
0.092626 0.343422 0.527422
0.095807 0.348401 0.531024
0.098986 0.353329 0.534405
0.102166 0.358206 0.537574
0.105335 0.363018 0.540512
0.108499 0.367769 0.543240
0.111708 0.372453 0.545751
0.114794 0.377075 0.548046
0.117960 0.381606 0.550130
0.121007 0.386048 0.552015
0.124070 0.390420 0.553687
0.127088 0.394701 0.555173
0.130136 0.398888 0.556471
0.133047 0.402990 0.557593
0.135910 0.406994 0.558524
0.138795 0.410911 0.559305
0.141628 0.414726 0.559925
0.144399 0.418449 0.560388
0.147119 0.422086 0.560708
0.149835 0.425646 0.560895
0.152449 0.429114 0.560957
0.155080 0.432508 0.560901
0.157656 0.435813 0.560736
0.160187 0.439035 0.560469
0.162750 0.442211 0.560106
0.165205 0.445296 0.559650
0.167696 0.448330 0.559109
0.170148 0.451304 0.558491
0.172558 0.454220 0.557815
0.174983 0.457076 0.557075
0.177375 0.459889 0.556256
0.179726 0.462650 0.555396
0.182072 0.465373 0.554494
0.184438 0.468058 0.553532
0.186773 0.470708 0.552543
0.189106 0.473305 0.551511
0.191417 0.475892 0.550444
0.193753 0.478432 0.549349
0.196058 0.480944 0.548229
0.198346 0.483435 0.547076
0.200640 0.485903 0.545911
0.202961 0.488356 0.544717
0.205266 0.490786 0.543510
0.207581 0.493179 0.542286
0.209884 0.495576 0.541044
0.212215 0.497968 0.539791
0.214520 0.500322 0.538539
0.216860 0.502680 0.537264
0.219189 0.505034 0.535970
0.221528 0.507382 0.534678
0.223876 0.509722 0.533369
0.226267 0.512060 0.532063
0.228648 0.514408 0.530739
0.231034 0.516745 0.529413
0.233423 0.519094 0.528067
0.235880 0.521435 0.526728
0.238308 0.523796 0.525365
0.240769 0.526163 0.524000
0.243256 0.528537 0.522624
0.245766 0.530918 0.521241
0.248326 0.533312 0.519844
0.250866 0.535722 0.518451
0.253449 0.538161 0.517037
0.256041 0.540598 0.515602
0.258688 0.543063 0.514180
0.261348 0.545545 0.512726
0.264051 0.548048 0.511267
0.266758 0.550570 0.509799
0.269528 0.553113 0.508326
0.272289 0.555684 0.506820
0.275127 0.558283 0.505307
0.277985 0.560914 0.503792
0.280858 0.563577 0.502257
0.283800 0.566256 0.500707
0.286760 0.568967 0.499140
0.289779 0.571718 0.497572
0.292824 0.574493 0.495966
0.295918 0.577313 0.494369
0.299065 0.580169 0.492736
0.302227 0.583049 0.491119
0.305477 0.585981 0.489452
0.308753 0.588935 0.487802
0.312051 0.591950 0.486116
0.315447 0.594988 0.484425
0.318872 0.598073 0.482730
0.322361 0.601204 0.481015
0.325884 0.604385 0.479304
0.329506 0.607605 0.477573
0.333162 0.610867 0.475844
0.336877 0.614171 0.474101
0.340666 0.617536 0.472364
0.344515 0.620951 0.470622
0.348450 0.624411 0.468885
0.352449 0.627923 0.467152
0.356536 0.631487 0.465415
0.360680 0.635103 0.463710
0.364934 0.638777 0.462014
0.369274 0.642508 0.460331
0.373704 0.646292 0.458690
0.378227 0.650138 0.457068
0.382860 0.654041 0.455490
0.387590 0.658010 0.453950
0.392444 0.662038 0.452471
0.397414 0.666120 0.451033
0.402504 0.670280 0.449669
0.407733 0.674492 0.448377
0.413101 0.678774 0.447166
0.418592 0.683126 0.446050
0.424246 0.687543 0.445049
0.430056 0.692032 0.444158
0.436025 0.696582 0.443387
0.442163 0.701201 0.442760
0.448464 0.705893 0.442287
0.454953 0.710650 0.441976
0.461617 0.715477 0.441844
0.468469 0.720363 0.441906
0.475526 0.725324 0.442177
0.482763 0.730341 0.442667
0.490209 0.735420 0.443396
0.497863 0.740558 0.444384
0.505691 0.745754 0.445622
0.513753 0.751008 0.447159
0.521990 0.756300 0.448997
0.530446 0.761639 0.451132
0.539088 0.767020 0.453587
0.547921 0.772436 0.456382
0.556938 0.777882 0.459523
0.566120 0.783344 0.462999
0.575476 0.788826 0.466860
0.584982 0.794313 0.471070
0.594624 0.799800 0.475651
0.604401 0.805272 0.480590
0.614273 0.810734 0.485904
0.624256 0.816175 0.491596
0.634306 0.821576 0.497633
0.644399 0.826936 0.504018
0.654536 0.832243 0.510739
0.664684 0.837493 0.517803
0.674828 0.842671 0.525168
0.684938 0.847770 0.532836
0.694993 0.852793 0.540776
0.704979 0.857717 0.548982
0.714866 0.862554 0.557420
0.724644 0.867275 0.566064
0.734284 0.871898 0.574903
0.743772 0.876400 0.583914
0.753088 0.880791 0.593073
0.762227 0.885064 0.602339
0.771175 0.889216 0.611707
0.779904 0.893243 0.621149
0.788423 0.897155 0.630644
0.796712 0.900937 0.640163
0.804776 0.904602 0.649692
0.812597 0.908151 0.659207
0.820182 0.911576 0.668704
0.827530 0.914889 0.678152
0.834637 0.918093 0.687540
0.841502 0.921182 0.696857
0.848128 0.924172 0.706091
0.854525 0.927055 0.715226
0.860692 0.929846 0.724253
0.866632 0.932537 0.733170
0.872360 0.935142 0.741961
0.877870 0.937661 0.750631
0.883175 0.940097 0.759158
0.888285 0.942453 0.767554
0.893201 0.944733 0.775814
0.897938 0.946941 0.783935
0.902501 0.949081 0.791905
0.906895 0.951162 0.799742
0.911129 0.953180 0.807430
0.915209 0.955138 0.814978
0.919149 0.957040 0.822392
0.922957 0.958895 0.829666
0.926628 0.960700 0.836802
0.930182 0.962455 0.843803
0.933614 0.964167 0.850678
0.936947 0.965840 0.857425
0.940169 0.967476 0.864051
0.943291 0.969067 0.870541
0.946318 0.970624 0.876917
0.949261 0.972150 0.883179
0.952117 0.973637 0.889322
0.954898 0.975093 0.895351
0.957599 0.976520 0.901266
0.960228 0.977918 0.907074
0.962786 0.979288 0.912772
0.965276 0.980628 0.918363
0.967711 0.981943 0.923855
0.970076 0.983226 0.929238
0.972390 0.984491 0.934524
0.974641 0.985725 0.939717
0.976844 0.986939 0.944810
0.978994 0.988124 0.949806
0.981097 0.989294 0.954717
0.983151 0.990436 0.959537
0.985166 0.991560 0.964272
0.987138 0.992667 0.968933
0.989069 0.993753 0.973519
0.990966 0.994819 0.978035
0.992835 0.995873 0.982496
0.994669 0.996915 0.986899
0.996481 0.997946 0.991253
