 M/Ms    log(t)(yr)  Teff     L/Ls    g   R/Rs Log(Li/Li0) log(Tc)  log(ROc)   Mrad     Rrad       k2conv      k2rad
 0.100     5.703957     2925.  -1.154  3.410  1.033   0.0000   5.904  -0.1091  0.0000   0.000E+00  4.440E-01  0.000E+00
 0.100     5.738317     2926.  -1.155  3.411  1.031   0.0000   5.905  -0.1066  0.0000   0.000E+00  4.441E-01  0.000E+00
 0.100     5.769327     2926.  -1.157  3.413  1.028   0.0000   5.906  -0.1041  0.0000   0.000E+00  4.441E-01  0.000E+00
 0.100     5.797516     2927.  -1.158  3.415  1.026   0.0000   5.907  -0.1017  0.0000   0.000E+00  4.442E-01  0.000E+00
 0.100     5.823296     2928.  -1.159  3.417  1.024   0.0000   5.907  -0.0993  0.0000   0.000E+00  4.442E-01  0.000E+00
 0.100     5.846997     2928.  -1.161  3.418  1.022   0.0000   5.908  -0.0968  0.0000   0.000E+00  4.443E-01  0.000E+00
 0.100     5.868886     2929.  -1.162  3.420  1.020   0.0000   5.909  -0.0944  0.0000   0.000E+00  4.444E-01  0.000E+00
 0.100     5.889182     2930.  -1.163  3.422  1.018   0.0000   5.910  -0.0920  0.0000   0.000E+00  4.444E-01  0.000E+00
 0.100     5.908067     2931.  -1.165  3.424  1.016   0.0000   5.910  -0.0895  0.0000   0.000E+00  4.445E-01  0.000E+00
 0.100     5.925695     2931.  -1.166  3.425  1.014   0.0000   5.911  -0.0871  0.0000   0.000E+00  4.446E-01  0.000E+00
 0.100     5.942195     2932.  -1.167  3.427  1.012   0.0000   5.912  -0.0847  0.0000   0.000E+00  4.446E-01  0.000E+00
 0.100     5.957680     2933.  -1.168  3.429  1.010   0.0000   5.912  -0.0823  0.0000   0.000E+00  4.447E-01  0.000E+00
 0.100     5.972245     2934.  -1.170  3.431  1.008   0.0000   5.913  -0.0799  0.0000   0.000E+00  4.447E-01  0.000E+00
 0.100     5.985973     2934.  -1.171  3.432  1.006   0.0000   5.914  -0.0775  0.0000   0.000E+00  4.448E-01  0.000E+00
 0.100     5.998937     2935.  -1.172  3.434  1.004   0.0000   5.915  -0.0752  0.0000   0.000E+00  4.449E-01  0.000E+00
 0.100     6.011202     2936.  -1.174  3.436  1.002   0.0000   5.915  -0.0728  0.0000   0.000E+00  4.449E-01  0.000E+00
 0.100     6.022824     2936.  -1.175  3.437  1.000   0.0000   5.916  -0.0704  0.0000   0.000E+00  4.450E-01  0.000E+00
 0.100     6.033854     2937.  -1.176  3.439  0.998   0.0000   5.917  -0.0681  0.0000   0.000E+00  4.450E-01  0.000E+00
 0.100     6.044336     2938.  -1.177  3.441  0.996   0.0000   5.918  -0.0657  0.0000   0.000E+00  4.451E-01  0.000E+00
 0.100     6.054310     2939.  -1.179  3.443  0.994   0.0000   5.918  -0.0634  0.0000   0.000E+00  4.452E-01  0.000E+00
 0.100     6.063814     2940.  -1.180  3.444  0.992   0.0000   5.919  -0.0610  0.0000   0.000E+00  4.452E-01  0.000E+00
 0.100     6.072875     2940.  -1.181  3.446  0.990   0.0000   5.920  -0.0587  0.0000   0.000E+00  4.453E-01  0.000E+00
 0.100     6.081531     2941.  -1.182  3.448  0.988   0.0000   5.920  -0.0564  0.0000   0.000E+00  4.453E-01  0.000E+00
 0.100     6.089803     2942.  -1.183  3.449  0.987   0.0000   5.921  -0.0541  0.0000   0.000E+00  4.454E-01  0.000E+00
 0.100     6.097715     2943.  -1.185  3.451  0.985   0.0000   5.922  -0.0518  0.0000   0.000E+00  4.455E-01  0.000E+00
 0.100     6.105296     2943.  -1.186  3.453  0.983   0.0000   5.923  -0.0495  0.0000   0.000E+00  4.455E-01  0.000E+00
 0.100     6.112558     2944.  -1.187  3.454  0.981   0.0000   5.923  -0.0472  0.0000   0.000E+00  4.456E-01  0.000E+00
 0.100     6.119523     2945.  -1.188  3.456  0.979   0.0000   5.924  -0.0450  0.0000   0.000E+00  4.456E-01  0.000E+00
 0.100     6.126209     2946.  -1.189  3.457  0.977   0.0000   5.925  -0.0427  0.0000   0.000E+00  4.457E-01  0.000E+00
 0.100     6.132634     2947.  -1.191  3.459  0.975   0.0000   5.925  -0.0404  0.0000   0.000E+00  4.457E-01  0.000E+00
 0.100     6.138808     2947.  -1.192  3.461  0.974   0.0000   5.926  -0.0382  0.0000   0.000E+00  4.458E-01  0.000E+00
 0.100     6.144749     2948.  -1.193  3.462  0.972   0.0000   5.927  -0.0360  0.0000   0.000E+00  4.458E-01  0.000E+00
 0.100     6.150465     2949.  -1.194  3.464  0.970   0.0000   5.927  -0.0338  0.0000   0.000E+00  4.459E-01  0.000E+00
 0.100     6.155970     2950.  -1.195  3.466  0.968   0.0000   5.928  -0.0316  0.0000   0.000E+00  4.459E-01  0.000E+00
 0.100     6.161278     2950.  -1.196  3.467  0.967   0.0000   5.929  -0.0294  0.0000   0.000E+00  4.460E-01  0.000E+00
 0.100     6.166395     2951.  -1.197  3.469  0.965   0.0000   5.929  -0.0272  0.0000   0.000E+00  4.461E-01  0.000E+00
 0.100     6.171331     2952.  -1.198  3.470  0.963   0.0000   5.930  -0.0250  0.0000   0.000E+00  4.461E-01  0.000E+00
 0.100     6.176097     2953.  -1.200  3.472  0.961   0.0000   5.931  -0.0228  0.0000   0.000E+00  4.461E-01  0.000E+00
 0.100     6.180699     2954.  -1.201  3.473  0.960   0.0000   5.931  -0.0207  0.0000   0.000E+00  4.462E-01  0.000E+00
 0.100     6.185145     2954.  -1.202  3.475  0.958   0.0000   5.932  -0.0186  0.0000   0.000E+00  4.463E-01  0.000E+00
 0.100     6.189445     2955.  -1.203  3.476  0.956   0.0000   5.933  -0.0164  0.0000   0.000E+00  4.463E-01  0.000E+00
 0.100     6.193603     2956.  -1.204  3.478  0.955   0.0000   5.933  -0.0143  0.0000   0.000E+00  4.464E-01  0.000E+00
 0.100     6.197628     2957.  -1.205  3.479  0.953   0.0000   5.934  -0.0122  0.0000   0.000E+00  4.464E-01  0.000E+00
 0.100     6.201520     2957.  -1.206  3.481  0.951   0.0000   5.935  -0.0101  0.0000   0.000E+00  4.465E-01  0.000E+00
 0.100     6.205294     2958.  -1.207  3.482  0.950   0.0000   5.935  -0.0080  0.0000   0.000E+00  4.465E-01  0.000E+00
 0.100     6.208946     2959.  -1.208  3.484  0.948   0.0000   5.936  -0.0060  0.0000   0.000E+00  4.466E-01  0.000E+00
 0.100     6.212489     2960.  -1.209  3.485  0.946   0.0000   5.936  -0.0039  0.0000   0.000E+00  4.466E-01  0.000E+00
 0.100     6.215923     2961.  -1.210  3.487  0.945   0.0000   5.937  -0.0019  0.0000   0.000E+00  4.466E-01  0.000E+00
 0.100     6.219254     2961.  -1.211  3.488  0.943   0.0000   5.938   0.0001  0.0000   0.000E+00  4.467E-01  0.000E+00
 0.100     6.222488     2962.  -1.212  3.490  0.942   0.0000   5.938   0.0022  0.0000   0.000E+00  4.467E-01  0.000E+00
 0.100     6.225625     2963.  -1.213  3.491  0.940   0.0000   5.939   0.0042  0.0000   0.000E+00  4.468E-01  0.000E+00
 0.100     6.228672     2964.  -1.214  3.493  0.938   0.0000   5.940   0.0061  0.0000   0.000E+00  4.468E-01  0.000E+00
 0.100     6.231630     2965.  -1.215  3.494  0.937   0.0000   5.940   0.0081  0.0000   0.000E+00  4.469E-01  0.000E+00
 0.100     6.234507     2965.  -1.216  3.496  0.935   0.0000   5.941   0.0101  0.0000   0.000E+00  4.469E-01  0.000E+00
 0.100     6.237302     2966.  -1.217  3.497  0.934   0.0000   5.941   0.0120  0.0000   0.000E+00  4.470E-01  0.000E+00
 0.100     6.240020     2967.  -1.218  3.498  0.932   0.0000   5.942   0.0140  0.0000   0.000E+00  4.470E-01  0.000E+00
 0.100     6.250178     2968.  -1.222  3.504  0.927   0.0000   5.944   0.0216  0.0000   0.000E+00  4.472E-01  0.000E+00
 0.100     6.259319     2969.  -1.227  3.509  0.921   0.0000   5.947   0.0289  0.0000   0.000E+00  4.474E-01  0.000E+00
 0.100     6.269532     2969.  -1.233  3.515  0.914   0.0000   5.949   0.0377  0.0000   0.000E+00  4.476E-01  0.000E+00
 0.100     6.280296     2970.  -1.240  3.523  0.907   0.0000   5.953   0.0478  0.0000   0.000E+00  4.478E-01  0.000E+00
 0.100     6.289723     2971.  -1.247  3.529  0.900   0.0000   5.956   0.0574  0.0000   0.000E+00  4.480E-01  0.000E+00
 0.100     6.299337     2971.  -1.254  3.537  0.892   0.0000   5.959   0.0680  0.0000   0.000E+00  4.483E-01  0.000E+00
 0.100     6.309952     2972.  -1.262  3.546  0.882   0.0000   5.963   0.0806  0.0000   0.000E+00  4.486E-01  0.000E+00
 0.100     6.319012     2973.  -1.270  3.554  0.874   0.0000   5.967   0.0923  0.0000   0.000E+00  4.488E-01  0.000E+00
 0.100     6.329247     2974.  -1.280  3.565  0.864   0.0000   5.971   0.1066  0.0000   0.000E+00  4.491E-01  0.000E+00
 0.100     6.339183     2976.  -1.290  3.575  0.853   0.0000   5.976   0.1213  0.0000   0.000E+00  4.495E-01  0.000E+00
 0.100     6.349149     2977.  -1.300  3.586  0.843   0.0000   5.981   0.1370  0.0000   0.000E+00  4.498E-01  0.000E+00
 0.100     6.359221     2978.  -1.311  3.598  0.831   0.0000   5.986   0.1535  0.0000   0.000E+00  4.501E-01  0.000E+00
 0.100     6.368995     2980.  -1.322  3.610  0.820   0.0000   5.991   0.1700  0.0000   0.000E+00  4.505E-01  0.000E+00
 0.100     6.380304     2982.  -1.334  3.623  0.807   0.0000   5.997   0.1892  0.0000   0.000E+00  4.509E-01  0.000E+00
 0.100     6.391022     2983.  -1.346  3.636  0.796   0.0000   6.003   0.2072  0.0000   0.000E+00  4.513E-01  0.000E+00
 0.100     6.399075     2985.  -1.355  3.646  0.787   0.0000   6.007   0.2206  0.0000   0.000E+00  4.515E-01  0.000E+00
 0.100     6.411288     2987.  -1.368  3.660  0.774   0.0000   6.013   0.2407  0.0000   0.000E+00  4.520E-01  0.000E+00
 0.100     6.419516     2988.  -1.376  3.669  0.766   0.0000   6.018   0.2541  0.0000   0.000E+00  4.522E-01  0.000E+00
 0.100     6.431994     2990.  -1.389  3.683  0.754   0.0000   6.024   0.2742  0.0000   0.000E+00  4.526E-01  0.000E+00
 0.100     6.440402     2991.  -1.398  3.693  0.745   0.0000   6.028   0.2876  0.0000   0.000E+00  4.529E-01  0.000E+00
 0.100     6.453155     2994.  -1.411  3.707  0.733   0.0000   6.035   0.3078  0.0000   0.000E+00  4.533E-01  0.000E+00
 0.100     6.461752     2995.  -1.419  3.716  0.725   0.0000   6.039   0.3212  0.0000   0.000E+00  4.536E-01  0.000E+00
 0.100     6.470425     2996.  -1.428  3.726  0.718   0.0000   6.043   0.3346  0.0000   0.000E+00  4.538E-01  0.000E+00
 0.100     6.479174     2998.  -1.437  3.735  0.710   0.0000   6.047   0.3480  0.0000   0.000E+00  4.541E-01  0.000E+00
 0.100     6.492443     3000.  -1.450  3.749  0.699   0.0000   6.054   0.3682  0.0000   0.000E+00  4.545E-01  0.000E+00
 0.100     6.501384     3001.  -1.458  3.759  0.691   0.0000   6.058   0.3816  0.0000   0.000E+00  4.547E-01  0.000E+00
 0.100     6.510406     3002.  -1.467  3.768  0.684   0.0000   6.062   0.3951  0.0000   0.000E+00  4.549E-01  0.000E+00
 0.100     6.519509     3003.  -1.476  3.777  0.676   0.0000   6.066   0.4086  0.0000   0.000E+00  4.552E-01  0.000E+00
 0.100     6.533317     3004.  -1.489  3.791  0.665   0.0000   6.073   0.4288  0.0000   0.000E+00  4.555E-01  0.000E+00
 0.100     6.542625     3005.  -1.498  3.801  0.658   0.0000   6.077   0.4423  0.0000   0.000E+00  4.557E-01  0.000E+00
 0.100     6.552014     3006.  -1.507  3.810  0.651   0.0000   6.082   0.4559  0.0000   0.000E+00  4.560E-01  0.000E+00
 0.100     6.561484     3007.  -1.515  3.819  0.644   0.0000   6.086   0.4694  0.0000   0.000E+00  4.562E-01  0.000E+00
 0.100     6.571034     3009.  -1.524  3.829  0.637   0.0000   6.090   0.4829  0.0000   0.000E+00  4.564E-01  0.000E+00
 0.100     6.580662     3010.  -1.533  3.838  0.631   0.0000   6.094   0.4965  0.0000   0.000E+00  4.566E-01  0.000E+00
 0.100     6.590365     3011.  -1.541  3.847  0.624   0.0000   6.099   0.5100  0.0000   0.000E+00  4.568E-01  0.000E+00
 0.100     6.600142     3012.  -1.550  3.857  0.617   0.0000   6.103   0.5236  0.0000   0.000E+00  4.570E-01  0.000E+00
 0.100     6.609986     3013.  -1.559  3.866  0.611   0.0000   6.107   0.5371  0.0000   0.000E+00  4.572E-01  0.000E+00
 0.100     6.619897     3015.  -1.567  3.875  0.604   0.0000   6.112   0.5507  0.0000   0.000E+00  4.573E-01  0.000E+00
 0.100     6.629869     3016.  -1.576  3.885  0.598   0.0000   6.116   0.5643  0.0000   0.000E+00  4.575E-01  0.000E+00
 0.100     6.639900     3017.  -1.584  3.894  0.591   0.0000   6.120   0.5778  0.0000   0.000E+00  4.577E-01  0.000E+00
 0.100     6.649986     3019.  -1.593  3.903  0.585   0.0000   6.124   0.5914  0.0000   0.000E+00  4.579E-01  0.000E+00
 0.100     6.660120     3020.  -1.601  3.913  0.579   0.0000   6.129   0.6049  0.0000   0.000E+00  4.581E-01  0.000E+00
 0.100     6.670305     3022.  -1.610  3.922  0.573   0.0000   6.133   0.6184  0.0000   0.000E+00  4.582E-01  0.000E+00
 0.100     6.680532     3023.  -1.618  3.931  0.566   0.0000   6.137   0.6320  0.0000   0.000E+00  4.584E-01  0.000E+00
 0.100     6.690803     3025.  -1.626  3.941  0.560   0.0000   6.141   0.6454  0.0000   0.000E+00  4.586E-01  0.000E+00
 0.100     6.701112     3027.  -1.635  3.950  0.554   0.0000   6.146   0.6589  0.0000   0.000E+00  4.588E-01  0.000E+00
 0.100     6.711460     3029.  -1.643  3.959  0.549   0.0000   6.150   0.6723  0.0000   0.000E+00  4.590E-01  0.000E+00
 0.100     6.721848     3031.  -1.651  3.968  0.543   0.0000   6.154   0.6858  0.0000   0.000E+00  4.591E-01  0.000E+00
 0.100     6.732271     3033.  -1.659  3.978  0.537   0.0000   6.158   0.6992  0.0000   0.000E+00  4.593E-01  0.000E+00
 0.100     6.742732     3035.  -1.667  3.987  0.531   0.0000   6.162   0.7126  0.0000   0.000E+00  4.595E-01  0.000E+00
 0.100     6.753231     3037.  -1.675  3.996  0.526   0.0000   6.167   0.7260  0.0000   0.000E+00  4.596E-01  0.000E+00
 0.100     6.763770     3038.  -1.683  4.005  0.520   0.0000   6.171   0.7394  0.0000   0.000E+00  4.598E-01  0.000E+00
 0.100     6.769060     3038.  -1.688  4.010  0.517   0.0000   6.173   0.7461  0.0000   0.000E+00  4.599E-01  0.000E+00
 0.100     6.779694     3039.  -1.697  4.019  0.512   0.0000   6.177   0.7595  0.0000   0.000E+00  4.601E-01  0.000E+00
 0.100     6.790398     3039.  -1.706  4.028  0.507   0.0000   6.181   0.7729  0.0000   0.000E+00  4.602E-01  0.000E+00
 0.100     6.801174     3039.  -1.715  4.037  0.501   0.0000   6.186   0.7863  0.0000   0.000E+00  4.604E-01  0.000E+00
 0.100     6.812024     3040.  -1.724  4.047  0.496   0.0000   6.190   0.7998  0.0000   0.000E+00  4.605E-01  0.000E+00
 0.100     6.822950     3040.  -1.733  4.056  0.491   0.0000   6.194   0.8132  0.0000   0.000E+00  4.607E-01  0.000E+00
 0.100     6.833946     3041.  -1.742  4.065  0.486   0.0000   6.198   0.8267  0.0000   0.000E+00  4.608E-01  0.000E+00
 0.100     6.839472     3041.  -1.746  4.070  0.483   0.0000   6.200   0.8335  0.0000   0.000E+00  4.609E-01  0.000E+00
 0.100     6.850583     3041.  -1.755  4.079  0.478   0.0000   6.204   0.8471  0.0000   0.000E+00  4.610E-01  0.000E+00
 0.100     6.861762     3042.  -1.764  4.088  0.473   0.0000   6.209   0.8606  0.0000   0.000E+00  4.612E-01  0.000E+00
 0.100     6.873014     3043.  -1.773  4.097  0.468   0.0000   6.213   0.8743  0.0000   0.000E+00  4.613E-01  0.000E+00
 0.100     6.884334     3043.  -1.782  4.107  0.463   0.0000   6.217   0.8879  0.0000   0.000E+00  4.614E-01  0.000E+00
 0.100     6.890020     3044.  -1.786  4.111  0.460   0.0000   6.219   0.8947  0.0000   0.000E+00  4.615E-01  0.000E+00
 0.100     6.901441     3044.  -1.795  4.120  0.456   0.0000   6.223   0.9084  0.0000   0.000E+00  4.616E-01  0.000E+00
 0.100     6.912923     3045.  -1.804  4.130  0.451   0.0000   6.228   0.9222  0.0000   0.000E+00  4.617E-01  0.000E+00
 0.100     6.924468     3046.  -1.813  4.139  0.446   0.0000   6.232   0.9359  0.0000   0.000E+00  4.618E-01  0.000E+00
 0.100     6.930261     3046.  -1.817  4.144  0.444   0.0000   6.234   0.9428  0.0000   0.000E+00  4.619E-01  0.000E+00
 0.100     6.941885     3047.  -1.826  4.153  0.439   0.0000   6.238   0.9565  0.0000   0.000E+00  4.620E-01  0.000E+00
 0.100     6.953562     3048.  -1.835  4.162  0.434   0.0000   6.242   0.9703  0.0000   0.000E+00  4.621E-01  0.000E+00
 0.100     6.959417     3048.  -1.839  4.167  0.432   0.0000   6.244   0.9772  0.0000   0.000E+00  4.621E-01  0.000E+00
 0.100     6.971157     3049.  -1.848  4.176  0.427   0.0000   6.249   0.9911  0.0000   0.000E+00  4.622E-01  0.000E+00
 0.100     6.982933     3049.  -1.857  4.185  0.423   0.0000   6.253   1.0049  0.0000   0.000E+00  4.623E-01  0.000E+00
 0.100     6.994744     3050.  -1.866  4.195  0.418   0.0000   6.257   1.0187  0.0000   0.000E+00  4.624E-01  0.000E+00
 0.100     7.000664     3050.  -1.871  4.199  0.416   0.0000   6.259   1.0256  0.0000   0.000E+00  4.625E-01  0.000E+00
 0.100     7.012521     3051.  -1.880  4.209  0.412   0.0000   6.263   1.0394  0.0000   0.000E+00  4.626E-01  0.000E+00
 0.100     7.024408     3051.  -1.889  4.218  0.407   0.0000   6.268   1.0532  0.0000   0.000E+00  4.626E-01  0.000E+00
 0.100     7.030365     3052.  -1.893  4.223  0.405   0.0000   6.270   1.0602  0.0000   0.000E+00  4.627E-01  0.000E+00
 0.100     7.042300     3052.  -1.902  4.232  0.401   0.0000   6.274   1.0740  0.0000   0.000E+00  4.628E-01  0.000E+00
 0.100     7.054257     3053.  -1.911  4.241  0.397   0.0000   6.278   1.0878  0.0000   0.000E+00  4.628E-01  0.000E+00
 0.100     7.060244     3053.  -1.915  4.246  0.394   0.0000   6.280   1.0947  0.0000   0.000E+00  4.629E-01  0.000E+00
 0.100     7.072239     3053.  -1.924  4.255  0.390   0.0000   6.285   1.1084  0.0000   0.000E+00  4.630E-01  0.000E+00
 0.100     7.084254     3054.  -1.933  4.264  0.386   0.0000   6.289   1.1222  0.0000   0.000E+00  4.631E-01  0.000E+00
 0.100     7.090269     3054.  -1.938  4.269  0.384   0.0000   6.291   1.1291  0.0000   0.000E+00  4.631E-01  0.000E+00
 0.100     7.102324     3054.  -1.947  4.278  0.380   0.0000   6.295   1.1429  0.0000   0.000E+00  4.632E-01  0.000E+00
 0.100     7.114401     3055.  -1.956  4.287  0.376   0.0000   6.299   1.1567  0.0000   0.000E+00  4.632E-01  0.000E+00
 0.100     7.120449     3055.  -1.960  4.292  0.374   0.0000   6.301   1.1636  0.0000   0.000E+00  4.633E-01  0.000E+00
 0.100     7.132567     3055.  -1.970  4.301  0.370   0.0000   6.305   1.1774  0.0000   0.000E+00  4.633E-01  0.000E+00
 0.100     7.144711     3055.  -1.979  4.310  0.366   0.0000   6.310   1.1912  0.0000   0.000E+00  4.634E-01  0.000E+00
 0.100     7.150796     3055.  -1.983  4.315  0.364   0.0000   6.312   1.1981  0.0000   0.000E+00  4.634E-01  0.000E+00
 0.100     7.162985     3056.  -1.992  4.324  0.360   0.0000   6.316   1.2118  0.0000   0.000E+00  4.635E-01  0.000E+00
 0.100     7.169089     3056.  -1.997  4.328  0.359   0.0000   6.318   1.2187  0.0000   0.000E+00  4.635E-01  0.000E+00
 0.100     7.181315     3056.  -2.006  4.338  0.355   0.0000   6.322   1.2325  0.0000   0.000E+00  4.636E-01  0.000E+00
 0.100     7.193567     3056.  -2.015  4.347  0.351   0.0000   6.326   1.2462  0.0000   0.000E+00  4.636E-01  0.000E+00
 0.100     7.199706     3056.  -2.019  4.351  0.349   0.0000   6.328   1.2531  0.0000   0.000E+00  4.637E-01  0.000E+00
 0.100     7.212006     3057.  -2.028  4.360  0.346   0.0000   6.333   1.2668  0.0000   0.000E+00  4.637E-01  0.000E+00
 0.100     7.224347     3057.  -2.037  4.370  0.342   0.0000   6.337   1.2806  0.0000   0.000E+00  4.637E-01  0.000E+00
 0.100     7.230531     3057.  -2.042  4.374  0.340   0.0000   6.339   1.2875  0.0000   0.000E+00  4.637E-01  0.000E+00
 0.100     7.242929     3057.  -2.051  4.383  0.337   0.0000   6.343   1.3013  0.0000   0.000E+00  4.638E-01  0.000E+00
 0.100     7.249142     3057.  -2.055  4.388  0.335   0.0000   6.345   1.3082  0.0000   0.000E+00  4.638E-01  0.000E+00
 0.100     7.261598     3058.  -2.064  4.397  0.331   0.0000   6.349   1.3220  0.0000   0.000E+00  4.638E-01  0.000E+00
 0.100     7.274086     3058.  -2.073  4.406  0.328   0.0000   6.353   1.3358  0.0000   0.000E+00  4.639E-01  0.000E+00
 0.100     7.280342     3058.  -2.078  4.411  0.326   0.0000   6.355   1.3427  0.0000   0.000E+00  4.639E-01  0.000E+00
 0.100     7.292874     3058.  -2.087  4.420  0.323   0.0000   6.359   1.3565  0.0000   0.000E+00  4.639E-01  0.000E+00
 0.100     7.299152     3059.  -2.091  4.425  0.321   0.0000   6.362   1.3634  0.0000   0.000E+00  4.639E-01  0.000E+00
 0.100     7.311731     3059.  -2.100  4.434  0.318   0.0000   6.366   1.3772  0.0000   0.000E+00  4.639E-01  0.000E+00
 0.100     7.324338     3059.  -2.109  4.443  0.314   0.0000   6.370   1.3910  0.0000   0.000E+00  4.639E-01  0.000E+00
 0.100     7.330655     3059.  -2.114  4.448  0.313   0.0000   6.372   1.3979  0.0000   0.000E+00  4.640E-01  0.000E+00
 0.100     7.343310     3060.  -2.123  4.457  0.309  -0.0004   6.376   1.4117  0.0000   0.000E+00  4.640E-01  0.000E+00
 0.100     7.349649     3060.  -2.127  4.461  0.308  -0.0004   6.378   1.4185  0.0000   0.000E+00  4.640E-01  0.000E+00
 0.100     7.362351     3060.  -2.136  4.471  0.304  -0.0004   6.382   1.4323  0.0000   0.000E+00  4.640E-01  0.000E+00
 0.100     7.375074     3061.  -2.145  4.480  0.301  -0.0004   6.386   1.4461  0.0000   0.000E+00  4.640E-01  0.000E+00
 0.100     7.381444     3061.  -2.150  4.484  0.300  -0.0004   6.388   1.4530  0.0000   0.000E+00  4.640E-01  0.000E+00
 0.100     7.394196     3061.  -2.159  4.493  0.297  -0.0009   6.392   1.4667  0.0000   0.000E+00  4.640E-01  0.000E+00
 0.100     7.400581     3061.  -2.163  4.498  0.295  -0.0009   6.394   1.4736  0.0000   0.000E+00  4.640E-01  0.000E+00
 0.100     7.413365     3061.  -2.173  4.507  0.292  -0.0013   6.398   1.4873  0.0000   0.000E+00  4.640E-01  0.000E+00
 0.100     7.419769     3060.  -2.177  4.512  0.290  -0.0013   6.400   1.4942  0.0000   0.000E+00  4.641E-01  0.000E+00
 0.100     7.432604     3059.  -2.187  4.521  0.287  -0.0017   6.404   1.5079  0.0000   0.000E+00  4.641E-01  0.000E+00
 0.100     7.439037     3059.  -2.192  4.526  0.286  -0.0017   6.406   1.5148  0.0000   0.000E+00  4.641E-01  0.000E+00
 0.100     7.451926     3058.  -2.201  4.535  0.283  -0.0026   6.410   1.5284  0.0000   0.000E+00  4.641E-01  0.000E+00
 0.100     7.464849     3057.  -2.211  4.544  0.280  -0.0031   6.414   1.5421  0.0000   0.000E+00  4.641E-01  0.000E+00
 0.100     7.471325     3057.  -2.216  4.548  0.278  -0.0035   6.416   1.5489  0.0000   0.000E+00  4.641E-01  0.000E+00
 0.100     7.484301     3056.  -2.226  4.558  0.275  -0.0048   6.420   1.5625  0.0000   0.000E+00  4.641E-01  0.000E+00
 0.100     7.490802     3055.  -2.230  4.562  0.274  -0.0052   6.422   1.5693  0.0000   0.000E+00  4.641E-01  0.000E+00
 0.100     7.503829     3055.  -2.240  4.571  0.271  -0.0070   6.426   1.5829  0.0000   0.000E+00  4.641E-01  0.000E+00
 0.100     7.510355     3054.  -2.245  4.576  0.270  -0.0079   6.427   1.5897  0.0000   0.000E+00  4.641E-01  0.000E+00
 0.100     7.523432     3053.  -2.255  4.585  0.267  -0.0101   6.431   1.6033  0.0000   0.000E+00  4.642E-01  0.000E+00
 0.100     7.529983     3053.  -2.260  4.589  0.265  -0.0110   6.433   1.6101  0.0000   0.000E+00  4.642E-01  0.000E+00
 0.100     7.543113     3051.  -2.269  4.599  0.263  -0.0141   6.437   1.6236  0.0000   0.000E+00  4.642E-01  0.000E+00
 0.100     7.549690     3051.  -2.274  4.603  0.261  -0.0159   6.439   1.6304  0.0000   0.000E+00  4.642E-01  0.000E+00
 0.100     7.562868     3050.  -2.284  4.612  0.259  -0.0205   6.443   1.6440  0.0000   0.000E+00  4.642E-01  0.000E+00
 0.100     7.574057     3049.  -2.292  4.620  0.256  -0.0250   6.446   1.6554  0.0000   0.000E+00  4.642E-01  0.000E+00
 0.100     7.583352     3048.  -2.299  4.626  0.254  -0.0297   6.449   1.6650  0.0000   0.000E+00  4.642E-01  0.000E+00
 0.100     7.591318     3047.  -2.305  4.632  0.253  -0.0339   6.451   1.6731  0.0000   0.000E+00  4.642E-01  0.000E+00
 0.100     7.601487     3046.  -2.312  4.639  0.251  -0.0405   6.454   1.6835  0.0000   0.000E+00  4.642E-01  0.000E+00
 0.100     7.610113     3046.  -2.319  4.645  0.249  -0.0477   6.456   1.6923  0.0000   0.000E+00  4.642E-01  0.000E+00
 0.100     7.619907     3045.  -2.326  4.651  0.247  -0.0565   6.459   1.7022  0.0000   0.000E+00  4.643E-01  0.000E+00
 0.100     7.630201     3044.  -2.334  4.658  0.245  -0.0675   6.462   1.7127  0.0000   0.000E+00  4.643E-01  0.000E+00
 0.100     7.640556     3043.  -2.341  4.666  0.243  -0.0814   6.465   1.7232  0.0000   0.000E+00  4.643E-01  0.000E+00
 0.100     7.649360     3042.  -2.348  4.672  0.242  -0.0947   6.467   1.7321  0.0000   0.000E+00  4.643E-01  0.000E+00
 0.100     7.659376     3041.  -2.355  4.678  0.240  -0.1129   6.470   1.7422  0.0000   0.000E+00  4.643E-01  0.000E+00
 0.100     7.669919     3040.  -2.363  4.686  0.238  -0.1355   6.473   1.7528  0.0000   0.000E+00  4.643E-01  0.000E+00
 0.100     7.679717     3039.  -2.370  4.692  0.236  -0.1605   6.475   1.7627  0.0000   0.000E+00  4.644E-01  0.000E+00
 0.100     7.689565     3038.  -2.377  4.699  0.234  -0.1904   6.478   1.7725  0.0000   0.000E+00  4.644E-01  0.000E+00
 0.100     7.699250     3037.  -2.385  4.705  0.232  -0.2248   6.480   1.7822  0.0000   0.000E+00  4.644E-01  0.000E+00
 0.100     7.709159     3035.  -2.392  4.712  0.231  -0.2660   6.483   1.7921  0.0000   0.000E+00  4.644E-01  0.000E+00
 0.100     7.719013     3034.  -2.399  4.719  0.229  -0.3143   6.486   1.8020  0.0000   0.000E+00  4.644E-01  0.000E+00
 0.100     7.729013     3033.  -2.406  4.725  0.227  -0.3716   6.488   1.8119  0.0000   0.000E+00  4.644E-01  0.000E+00
 0.100     7.739224     3032.  -2.414  4.732  0.225  -0.4413   6.491   1.8221  0.0000   0.000E+00  4.645E-01  0.000E+00
 0.100     7.749093     3031.  -2.421  4.739  0.224  -0.5200   6.494   1.8319  0.0000   0.000E+00  4.645E-01  0.000E+00
 0.100     7.759024     3030.  -2.428  4.745  0.222  -0.6126   6.496   1.8417  0.0000   0.000E+00  4.645E-01  0.000E+00
 0.100     7.769006     3029.  -2.436  4.752  0.220  -0.7235   6.499   1.8516  0.0000   0.000E+00  4.645E-01  0.000E+00
 0.100     7.779002     3028.  -2.443  4.759  0.218  -0.8508   6.501   1.8614  0.0000   0.000E+00  4.645E-01  0.000E+00
 0.100     7.789110     3026.  -2.450  4.765  0.217  -1.0048   6.504   1.8714  0.0000   0.000E+00  4.645E-01  0.000E+00
 0.100     7.798976     3025.  -2.458  4.772  0.215  -1.1791   6.506   1.8811  0.0000   0.000E+00  4.646E-01  0.000E+00
 0.100     7.809045     3024.  -2.465  4.779  0.214  -1.3872   6.509   1.8910  0.0000   0.000E+00  4.646E-01  0.000E+00
 0.100     7.819059     3022.  -2.472  4.785  0.212  -1.6289   6.511   1.9008  0.0000   0.000E+00  4.646E-01  0.000E+00
 0.100     7.829017     3021.  -2.480  4.792  0.210  -1.9101   6.514   1.9106  0.0000   0.000E+00  4.646E-01  0.000E+00
 0.100     7.839033     3020.  -2.487  4.798  0.209  -2.2396   6.516   1.9204  0.0000   0.000E+00  4.646E-01  0.000E+00
 0.100     7.848970     3018.  -2.494  4.805  0.207  -2.6216   6.519   1.9301  0.0000   0.000E+00  4.647E-01  0.000E+00
 0.100     7.858986     3017.  -2.502  4.811  0.206  -3.0680   6.521   1.9398  0.0000   0.000E+00  4.647E-01  0.000E+00
 0.100     7.869011     3016.  -2.509  4.818  0.204  -3.5884   6.524   1.9496  0.0000   0.000E+00  4.647E-01  0.000E+00
 0.100     7.879364     3014.  -2.517  4.825  0.203  -4.1630   6.526   1.9596  0.0000   0.000E+00  4.647E-01  0.000E+00
 0.100     7.890986     3012.  -2.525  4.832  0.201  -4.4789   6.529   1.9709  0.0000   0.000E+00  4.647E-01  0.000E+00
 0.100     7.901732     3011.  -2.533  4.839  0.199  -4.6655   6.532   1.9812  0.0000   0.000E+00  4.647E-01  0.000E+00
 0.100     7.912677     3009.  -2.541  4.846  0.198  -4.8153   6.534   1.9917  0.0000   0.000E+00  4.648E-01  0.000E+00
 0.100     7.919654     3008.  -2.546  4.851  0.197  -4.8996   6.536   1.9984  0.0000   0.000E+00  4.648E-01  0.000E+00
 0.100     7.933642     3006.  -2.557  4.860  0.195  -5.0731   6.539   2.0118  0.0000   0.000E+00  4.648E-01  0.000E+00
 0.100     7.940643     3004.  -2.562  4.864  0.194  -5.1618   6.541   2.0184  0.0000   0.000E+00  4.648E-01  0.000E+00
 0.100     7.954667     3002.  -2.572  4.873  0.192  -5.3363   6.544   2.0318  0.0000   0.000E+00  4.648E-01  0.000E+00
 0.100     7.961691     3001.  -2.577  4.877  0.191  -5.4271   6.545   2.0385  0.0000   0.000E+00  4.648E-01  0.000E+00
 0.100     7.975766     2998.  -2.588  4.886  0.189  -5.6180   6.549   2.0518  0.0000   0.000E+00  4.649E-01  0.000E+00
 0.100     7.982818     2997.  -2.593  4.891  0.188  -5.7167   6.550   2.0585  0.0000   0.000E+00  4.649E-01  0.000E+00
 0.100     7.989880     2996.  -2.598  4.895  0.187  -5.8182   6.552   2.0652  0.0000   0.000E+00  4.649E-01  0.000E+00
 0.100     8.004033     2993.  -2.608  4.904  0.185  -6.0269   6.555   2.0785  0.0000   0.000E+00  4.649E-01  0.000E+00
 0.100     8.011130     2992.  -2.614  4.909  0.184  -6.1361   6.557   2.0852  0.0000   0.000E+00  4.649E-01  0.000E+00
 0.100     8.025363     2989.  -2.624  4.918  0.182  -6.3615   6.560   2.0986  0.0000   0.000E+00  4.650E-01  0.000E+00
 0.100     8.032498     2988.  -2.629  4.922  0.181  -6.4789   6.561   2.1053  0.0000   0.000E+00  4.650E-01  0.000E+00
 0.100     8.039644     2986.  -2.635  4.926  0.180  -6.5969   6.563   2.1120  0.0000   0.000E+00  4.650E-01  0.000E+00
 0.100     8.053988     2984.  -2.645  4.935  0.178  -6.8447   6.566   2.1254  0.0000   0.000E+00  4.650E-01  0.000E+00
 0.100     8.061181     2982.  -2.650  4.940  0.177  -6.9706   6.568   2.1320  0.0000   0.000E+00  4.650E-01  0.000E+00
 0.100     8.075616     2979.  -2.661  4.949  0.176  -7.2343   6.571   2.1454  0.0000   0.000E+00  4.650E-01  0.000E+00
 0.100     8.082861     2978.  -2.666  4.953  0.175  -7.3696   6.572   2.1521  0.0000   0.000E+00  4.651E-01  0.000E+00
 0.100     8.090124     2976.  -2.672  4.958  0.174  -7.5072   6.574   2.1589  0.0000   0.000E+00  4.651E-01  0.000E+00
 0.100     8.104706     2974.  -2.682  4.967  0.172  -7.7905   6.577   2.1723  0.0000   0.000E+00  4.651E-01  0.000E+00
 0.100     8.112025     2972.  -2.688  4.971  0.171  -7.9355   6.578   2.1790  0.0000   0.000E+00  4.651E-01  0.000E+00
 0.100     8.119365     2971.  -2.693  4.975  0.170  -8.0825   6.580   2.1857  0.0000   0.000E+00  4.651E-01  0.000E+00
 0.100     8.134104     2967.  -2.704  4.984  0.168  -8.3809   6.583   2.1992  0.0000   0.000E+00  4.651E-01  0.000E+00
 0.100     8.141506     2966.  -2.709  4.989  0.168  -8.5302   6.584   2.2059  0.0000   0.000E+00  4.651E-01  0.000E+00
 0.100     8.156373     2963.  -2.720  4.998  0.166  -8.8268   6.587   2.2194  0.0000   0.000E+00  4.651E-01  0.000E+00
 0.100     8.163838     2961.  -2.725  5.002  0.165  -8.9666   6.589   2.2261  0.0000   0.000E+00  4.651E-01  0.000E+00
 0.100     8.171329     2959.  -2.731  5.007  0.164  -9.1013   6.590   2.2329  0.0000   0.000E+00  4.651E-01  0.000E+00
 0.100     8.186386     2956.  -2.742  5.016  0.163  -9.3344   6.593   2.2463  0.0000   0.000E+00  4.651E-01  0.000E+00
 0.100     8.193951     2954.  -2.747  5.020  0.162  -9.4330   6.595   2.2531  0.0000   0.000E+00  4.651E-01  0.000E+00
 0.100     8.201545     2952.  -2.753  5.024  0.161  -9.5200   6.596   2.2598  0.0000   0.000E+00  4.651E-01  0.000E+00
 0.100     8.209166     2950.  -2.758  5.029  0.160  -9.6003   6.597   2.2665  0.0000   0.000E+00  4.651E-01  0.000E+00
 0.100     8.224492     2946.  -2.769  5.038  0.158  -9.7352   6.600   2.2799  0.0000   0.000E+00  4.651E-01  0.000E+00
 0.100     8.232200     2944.  -2.775  5.042  0.158  -9.7959   6.602   2.2867  0.0000   0.000E+00  4.651E-01  0.000E+00
 0.100     8.239940     2942.  -2.780  5.047  0.157  -9.8508   6.603   2.2934  0.0000   0.000E+00  4.651E-01  0.000E+00
 0.100     8.255523     2938.  -2.792  5.055  0.155  -9.9547   6.606   2.3067  0.0000   0.000E+00  4.651E-01  0.000E+00
 0.100     8.263369     2936.  -2.797  5.060  0.154 -10.0000   6.607   2.3134  0.0000   0.000E+00  4.651E-01  0.000E+00
 0.100     8.271256     2934.  -2.803  5.064  0.154 -10.0419   6.609   2.3201  0.0000   0.000E+00  4.651E-01  0.000E+00
 0.100     8.279185     2932.  -2.808  5.068  0.153 -10.0830   6.610   2.3268  0.0000   0.000E+00  4.651E-01  0.000E+00
 0.100     8.295178     2928.  -2.820  5.077  0.151 -10.1568   6.613   2.3401  0.0000   0.000E+00  4.651E-01  0.000E+00
 0.100     8.303250     2926.  -2.825  5.082  0.151 -10.1891   6.614   2.3467  0.0000   0.000E+00  4.651E-01  0.000E+00
 0.100     8.311377     2923.  -2.831  5.086  0.150 -10.2197   6.615   2.3534  0.0000   0.000E+00  4.651E-01  0.000E+00
 0.100     8.319562     2921.  -2.837  5.090  0.149 -10.2472   6.617   2.3600  0.0000   0.000E+00  4.651E-01  0.000E+00
 0.100     8.336125     2916.  -2.848  5.099  0.148 -10.2950   6.619   2.3732  0.0000   0.000E+00  4.651E-01  0.000E+00
 0.100     8.344514     2914.  -2.854  5.103  0.147 -10.3152   6.621   2.3799  0.0000   0.000E+00  4.651E-01  0.000E+00
 0.100     8.352981     2912.  -2.860  5.108  0.146 -10.3335   6.622   2.3865  0.0000   0.000E+00  4.651E-01  0.000E+00
 0.100     8.361531     2909.  -2.865  5.112  0.145 -10.3497   6.623   2.3931  0.0000   0.000E+00  4.651E-01  0.000E+00
 0.100     8.370171     2907.  -2.871  5.116  0.145 -10.3635   6.625   2.3997  0.0000   0.000E+00  4.651E-01  0.000E+00
 0.100     8.387747     2902.  -2.883  5.125  0.143 -10.3862   6.627   2.4128  0.0000   0.000E+00  4.651E-01  0.000E+00
 0.100     8.396696     2900.  -2.888  5.129  0.143 -10.3947   6.628   2.4194  0.0000   0.000E+00  4.651E-01  0.000E+00
 0.100     8.405768     2897.  -2.894  5.133  0.142 -10.4012   6.630   2.4259  0.0000   0.000E+00  4.651E-01  0.000E+00
 0.100     8.414970     2894.  -2.900  5.138  0.141 -10.4067   6.631   2.4325  0.0000   0.000E+00  4.651E-01  0.000E+00
 0.100     8.424315     2891.  -2.906  5.142  0.141 -10.4112   6.632   2.4390  0.0000   0.000E+00  4.650E-01  0.000E+00
 0.100     8.433811     2888.  -2.912  5.146  0.140 -10.4134   6.633   2.4455  0.0000   0.000E+00  4.650E-01  0.000E+00
 0.100     8.443476     2886.  -2.918  5.150  0.139 -10.4134   6.635   2.4520  0.0000   0.000E+00  4.650E-01  0.000E+00
 0.100     8.453320     2883.  -2.924  5.155  0.139 -10.4134   6.636   2.4585  0.0000   0.000E+00  4.650E-01  0.000E+00
 0.100     8.463358     2880.  -2.930  5.159  0.138 -10.4101   6.637   2.4650  0.0000   0.000E+00  4.650E-01  0.000E+00
 0.100     8.473605     2877.  -2.936  5.163  0.137 -10.4067   6.638   2.4715  0.0000   0.000E+00  4.650E-01  0.000E+00
 0.100     8.484082     2874.  -2.942  5.167  0.137 -10.4012   6.639   2.4780  0.0000   0.000E+00  4.650E-01  0.000E+00
 0.100     8.494810     2871.  -2.948  5.171  0.136 -10.3936   6.640   2.4844  0.0000   0.000E+00  4.649E-01  0.000E+00
 0.100     8.505806     2868.  -2.954  5.176  0.135 -10.3851   6.641   2.4908  0.0000   0.000E+00  4.649E-01  0.000E+00
 0.100     8.517106     2865.  -2.960  5.180  0.135 -10.3747   6.643   2.4972  0.0000   0.000E+00  4.649E-01  0.000E+00
 0.100     8.528730     2862.  -2.966  5.184  0.134 -10.3615   6.644   2.5036  0.0000   0.000E+00  4.649E-01  0.000E+00
 0.100     8.540717     2859.  -2.972  5.188  0.133 -10.3468   6.645   2.5099  0.0000   0.000E+00  4.649E-01  0.000E+00
 0.100     8.553118     2856.  -2.978  5.192  0.133 -10.3298   6.646   2.5162  0.0000   0.000E+00  4.649E-01  0.000E+00
 0.100     8.565988     2853.  -2.984  5.196  0.132 -10.3107   6.647   2.5225  0.0000   0.000E+00  4.648E-01  0.000E+00
 0.100     8.579052     2850.  -2.989  5.200  0.131 -10.2899   6.648   2.5285  0.0000   0.000E+00  4.648E-01  0.000E+00
 0.100     8.591956     2847.  -2.995  5.204  0.131 -10.2700   6.649   2.5342  0.0000   0.000E+00  4.648E-01  0.000E+00
 0.100     8.604698     2844.  -3.000  5.207  0.130 -10.2495   6.650   2.5396  0.0000   0.000E+00  4.648E-01  0.000E+00
 0.100     8.617271     2842.  -3.005  5.210  0.130 -10.2291   6.651   2.5446  0.0000   0.000E+00  4.648E-01  0.000E+00
 0.100     8.629671     2839.  -3.009  5.213  0.129 -10.2090   6.652   2.5494  0.0000   0.000E+00  4.648E-01  0.000E+00
 0.100     8.641893     2837.  -3.013  5.216  0.129 -10.1898   6.652   2.5537  0.0000   0.000E+00  4.647E-01  0.000E+00
 0.100     8.653935     2835.  -3.017  5.219  0.129 -10.1707   6.653   2.5578  0.0000   0.000E+00  4.647E-01  0.000E+00
 0.100     8.665794     2833.  -3.021  5.221  0.128 -10.1530   6.654   2.5616  0.0000   0.000E+00  4.647E-01  0.000E+00
 0.100     8.677466     2831.  -3.025  5.224  0.128 -10.1355   6.654   2.5652  0.0000   0.000E+00  4.647E-01  0.000E+00
 0.100     8.688953     2829.  -3.028  5.226  0.128 -10.1192   6.655   2.5684  0.0000   0.000E+00  4.647E-01  0.000E+00
 0.100     8.700252     2828.  -3.031  5.228  0.127 -10.1040   6.655   2.5715  0.0000   0.000E+00  4.647E-01  0.000E+00
 0.100     8.711363     2826.  -3.033  5.229  0.127 -10.0894   6.655   2.5742  0.0000   0.000E+00  4.647E-01  0.000E+00
 0.100     8.722287     2825.  -3.036  5.231  0.127 -10.0757   6.656   2.5768  0.0000   0.000E+00  4.647E-01  0.000E+00
 0.100     8.733023     2823.  -3.038  5.233  0.127 -10.0630   6.656   2.5792  0.0000   0.000E+00  4.647E-01  0.000E+00
 0.100     8.743576     2822.  -3.040  5.234  0.126 -10.0506   6.657   2.5813  0.0000   0.000E+00  4.646E-01  0.000E+00
 0.100     8.753944     2821.  -3.042  5.235  0.126 -10.0395   6.657   2.5833  0.0000   0.000E+00  4.646E-01  0.000E+00
 0.100     8.764131     2820.  -3.044  5.237  0.126 -10.0292   6.657   2.5851  0.0000   0.000E+00  4.646E-01  0.000E+00
 0.100     8.774138     2819.  -3.046  5.238  0.126 -10.0191   6.657   2.5868  0.0000   0.000E+00  4.646E-01  0.000E+00
 0.100     8.785851     2818.  -3.048  5.239  0.126 -10.0013   6.658   2.5886  0.0000   0.000E+00  4.646E-01  0.000E+00
 0.100     8.799500     2817.  -3.049  5.240  0.126  -9.9747   6.658   2.5905  0.0000   0.000E+00  4.646E-01  0.000E+00
 0.100     8.815334     2816.  -3.051  5.241  0.125  -9.9431   6.658   2.5924  0.0000   0.000E+00  4.646E-01  0.000E+00
 0.100     8.833602     2815.  -3.053  5.242  0.125  -9.8996   6.659   2.5943  0.0000   0.000E+00  4.646E-01  0.000E+00
 0.100     8.853335     2814.  -3.055  5.244  0.125  -9.8601   6.659   2.5961  0.0000   0.000E+00  4.646E-01  0.000E+00
 0.100     8.872209     2813.  -3.056  5.244  0.125  -9.8297   6.659   2.5975  0.0000   0.000E+00  4.646E-01  0.000E+00
 0.100     8.890297     2812.  -3.058  5.245  0.125  -9.8041   6.659   2.5986  0.0000   0.000E+00  4.646E-01  0.000E+00
 0.100     8.907662     2812.  -3.059  5.246  0.125  -9.7852   6.660   2.5996  0.0000   0.000E+00  4.646E-01  0.000E+00
 0.100     8.924359     2811.  -3.059  5.246  0.125  -9.7721   6.660   2.6003  0.0000   0.000E+00  4.646E-01  0.000E+00
 0.100     8.940438     2811.  -3.060  5.247  0.125  -9.7595   6.660   2.6009  0.0000   0.000E+00  4.646E-01  0.000E+00
 0.100     8.955943     2811.  -3.060  5.247  0.125  -9.7496   6.660   2.6014  0.0000   0.000E+00  4.646E-01  0.000E+00
 0.100     8.970913     2811.  -3.061  5.247  0.124  -9.7399   6.660   2.6018  0.0000   0.000E+00  4.646E-01  0.000E+00
 0.100     8.985385     2810.  -3.061  5.248  0.124  -9.7328   6.660   2.6022  0.0000   0.000E+00  4.646E-01  0.000E+00
 0.100     8.999389     2810.  -3.061  5.248  0.124  -9.7258   6.660   2.6024  0.0000   0.000E+00  4.646E-01  0.000E+00
 0.100     9.012955     2810.  -3.062  5.248  0.124  -9.7212   6.660   2.6026  0.0000   0.000E+00  4.646E-01  0.000E+00
 0.100     9.026112     2810.  -3.062  5.248  0.124  -9.7167   6.660   2.6028  0.0000   0.000E+00  4.646E-01  0.000E+00
 0.100     9.038882     2810.  -3.062  5.248  0.124  -9.7122   6.660   2.6029  0.0000   0.000E+00  4.646E-01  0.000E+00
 0.100     9.051288     2810.  -3.062  5.248  0.124  -9.7077   6.660   2.6031  0.0000   0.000E+00  4.646E-01  0.000E+00
 0.100     9.063348     2810.  -3.062  5.248  0.124  -9.7033   6.660   2.6031  0.0000   0.000E+00  4.646E-01  0.000E+00
 0.100     9.075080     2810.  -3.062  5.248  0.124  -9.7011   6.660   2.6032  0.0000   0.000E+00  4.646E-01  0.000E+00
 0.100     9.086506     2810.  -3.062  5.248  0.124  -9.6968   6.660   2.6033  0.0000   0.000E+00  4.646E-01  0.000E+00
 0.100     9.097639     2810.  -3.062  5.248  0.124  -9.6946   6.660   2.6033  0.0000   0.000E+00  4.646E-01  0.000E+00
 0.100     9.108494     2810.  -3.062  5.248  0.124  -9.6925   6.660   2.6034  0.0000   0.000E+00  4.646E-01  0.000E+00
 0.100     9.119084     2810.  -3.062  5.248  0.124  -9.6882   6.660   2.6034  0.0000   0.000E+00  4.645E-01  0.000E+00
 0.100     9.129419     2810.  -3.062  5.248  0.124  -9.6861   6.660   2.6034  0.0000   0.000E+00  4.645E-01  0.000E+00
 0.100     9.139517     2810.  -3.062  5.248  0.124  -9.6840   6.660   2.6034  0.0000   0.000E+00  4.645E-01  0.000E+00
 0.100     9.149385     2810.  -3.062  5.248  0.124  -9.6819   6.660   2.6034  0.0000   0.000E+00  4.645E-01  0.000E+00
 0.100     9.159035     2810.  -3.062  5.248  0.124  -9.6778   6.660   2.6035  0.0000   0.000E+00  4.645E-01  0.000E+00
 0.100     9.168474     2810.  -3.062  5.248  0.124  -9.6757   6.660   2.6035  0.0000   0.000E+00  4.645E-01  0.000E+00
 0.100     9.177710     2810.  -3.062  5.248  0.124  -9.6737   6.660   2.6035  0.0000   0.000E+00  4.645E-01  0.000E+00
 0.100     9.186756     2810.  -3.062  5.248  0.124  -9.6716   6.660   2.6035  0.0000   0.000E+00  4.645E-01  0.000E+00
 0.100     9.195617     2810.  -3.062  5.248  0.124  -9.6696   6.660   2.6035  0.0000   0.000E+00  4.645E-01  0.000E+00
 0.100     9.204302     2810.  -3.062  5.248  0.124  -9.6676   6.660   2.6035  0.0000   0.000E+00  4.645E-01  0.000E+00
 0.100     9.212816     2810.  -3.062  5.248  0.124  -9.6655   6.660   2.6035  0.0000   0.000E+00  4.645E-01  0.000E+00
 0.100     9.221166     2810.  -3.062  5.248  0.124  -9.6635   6.660   2.6035  0.0000   0.000E+00  4.645E-01  0.000E+00
 0.100     9.229357     2810.  -3.062  5.248  0.124  -9.6615   6.660   2.6035  0.0000   0.000E+00  4.645E-01  0.000E+00
 0.100     9.237398     2810.  -3.062  5.248  0.124  -9.6596   6.660   2.6035  0.0000   0.000E+00  4.645E-01  0.000E+00
 0.100     9.245293     2810.  -3.062  5.248  0.124  -9.6576   6.660   2.6035  0.0000   0.000E+00  4.645E-01  0.000E+00
 0.100     9.253047     2810.  -3.062  5.248  0.124  -9.6556   6.660   2.6035  0.0000   0.000E+00  4.645E-01  0.000E+00
 0.100     9.260665     2810.  -3.062  5.248  0.124  -9.6536   6.660   2.6035  0.0000   0.000E+00  4.645E-01  0.000E+00
 0.100     9.268150     2810.  -3.062  5.248  0.124  -9.6517   6.660   2.6035  0.0000   0.000E+00  4.645E-01  0.000E+00
 0.100     9.275509     2810.  -3.062  5.248  0.124  -9.6498   6.660   2.6035  0.0000   0.000E+00  4.645E-01  0.000E+00
 0.100     9.282747     2810.  -3.062  5.248  0.124  -9.6478   6.660   2.6035  0.0000   0.000E+00  4.645E-01  0.000E+00
 0.100     9.289865     2810.  -3.062  5.248  0.124  -9.6459   6.660   2.6035  0.0000   0.000E+00  4.645E-01  0.000E+00
 0.100     9.296869     2810.  -3.062  5.248  0.124  -9.6440   6.660   2.6035  0.0000   0.000E+00  4.645E-01  0.000E+00
 0.100     9.303760     2810.  -3.062  5.248  0.124  -9.6421   6.660   2.6035  0.0000   0.000E+00  4.645E-01  0.000E+00
 0.100     9.310545     2810.  -3.062  5.248  0.124  -9.6402   6.660   2.6034  0.0000   0.000E+00  4.645E-01  0.000E+00
 0.100     9.317225     2810.  -3.062  5.248  0.124  -9.6383   6.660   2.6034  0.0000   0.000E+00  4.645E-01  0.000E+00
 0.100     9.323805     2810.  -3.062  5.248  0.124  -9.6364   6.660   2.6034  0.0000   0.000E+00  4.645E-01  0.000E+00
 0.100     9.330286     2810.  -3.062  5.248  0.124  -9.6345   6.660   2.6034  0.0000   0.000E+00  4.645E-01  0.000E+00
 0.100     9.336670     2810.  -3.062  5.248  0.124  -9.6326   6.660   2.6034  0.0000   0.000E+00  4.645E-01  0.000E+00
 0.100     9.342963     2810.  -3.062  5.248  0.124  -9.6308   6.660   2.6034  0.0000   0.000E+00  4.645E-01  0.000E+00
 0.100     9.349167     2810.  -3.062  5.248  0.124  -9.6289   6.660   2.6034  0.0000   0.000E+00  4.645E-01  0.000E+00
 0.100     9.355283     2810.  -3.062  5.248  0.124  -9.6271   6.660   2.6034  0.0000   0.000E+00  4.645E-01  0.000E+00
 0.100     9.361314     2810.  -3.062  5.248  0.124  -9.6271   6.660   2.6034  0.0000   0.000E+00  4.645E-01  0.000E+00
 0.100     9.367263     2810.  -3.062  5.248  0.124  -9.6253   6.660   2.6034  0.0000   0.000E+00  4.645E-01  0.000E+00
 0.100     9.373129     2810.  -3.062  5.248  0.124  -9.6234   6.660   2.6034  0.0000   0.000E+00  4.645E-01  0.000E+00
 0.100     9.378919     2810.  -3.062  5.248  0.124  -9.6216   6.660   2.6034  0.0000   0.000E+00  4.645E-01  0.000E+00
 0.100     9.384633     2810.  -3.062  5.248  0.124  -9.6198   6.660   2.6034  0.0000   0.000E+00  4.645E-01  0.000E+00
 0.100     9.390273     2810.  -3.062  5.248  0.124  -9.6180   6.660   2.6034  0.0000   0.000E+00  4.645E-01  0.000E+00
 0.100     9.395840     2810.  -3.062  5.248  0.124  -9.6162   6.660   2.6034  0.0000   0.000E+00  4.645E-01  0.000E+00
 0.100     9.401335     2810.  -3.062  5.248  0.124  -9.6144   6.660   2.6034  0.0000   0.000E+00  4.645E-01  0.000E+00
 0.100     9.406763     2810.  -3.062  5.248  0.124  -9.6144   6.660   2.6034  0.0000   0.000E+00  4.645E-01  0.000E+00
 0.100     9.412124     2810.  -3.062  5.248  0.124  -9.6126   6.660   2.6034  0.0000   0.000E+00  4.645E-01  0.000E+00
 0.100     9.417420     2810.  -3.062  5.248  0.124  -9.6108   6.660   2.6034  0.0000   0.000E+00  4.645E-01  0.000E+00
 0.100     9.422652     2810.  -3.062  5.248  0.124  -9.6091   6.660   2.6034  0.0000   0.000E+00  4.645E-01  0.000E+00
 0.100     9.427820     2810.  -3.062  5.248  0.124  -9.6073   6.660   2.6034  0.0000   0.000E+00  4.645E-01  0.000E+00
 0.100     9.432929     2810.  -3.062  5.248  0.124  -9.6055   6.660   2.6034  0.0000   0.000E+00  4.645E-01  0.000E+00
 0.100     9.437979     2810.  -3.062  5.248  0.124  -9.6038   6.660   2.6034  0.0000   0.000E+00  4.645E-01  0.000E+00
 0.100     9.442970     2810.  -3.062  5.248  0.124  -9.6038   6.660   2.6034  0.0000   0.000E+00  4.645E-01  0.000E+00
 0.100     9.447905     2810.  -3.062  5.248  0.124  -9.6021   6.660   2.6034  0.0000   0.000E+00  4.645E-01  0.000E+00
 0.100     9.452783     2810.  -3.062  5.248  0.124  -9.6003   6.660   2.6034  0.0000   0.000E+00  4.645E-01  0.000E+00
 0.100     9.462380     2810.  -3.062  5.248  0.124  -9.5969   6.660   2.6033  0.0000   0.000E+00  4.645E-01  0.000E+00
 0.100     9.471770     2810.  -3.062  5.248  0.124  -9.5952   6.660   2.6033  0.0000   0.000E+00  4.645E-01  0.000E+00
 0.100     9.480959     2810.  -3.062  5.248  0.124  -9.5918   6.660   2.6033  0.0000   0.000E+00  4.645E-01  0.000E+00
 0.100     9.489960     2810.  -3.062  5.248  0.124  -9.5901   6.660   2.6033  0.0000   0.000E+00  4.645E-01  0.000E+00
 0.100     9.503119     2810.  -3.062  5.248  0.124  -9.5850   6.660   2.6033  0.0000   0.000E+00  4.645E-01  0.000E+00
 0.100     9.511676     2810.  -3.062  5.248  0.124  -9.5834   6.660   2.6033  0.0000   0.000E+00  4.645E-01  0.000E+00
 0.100     9.520068     2810.  -3.062  5.248  0.124  -9.5800   6.660   2.6033  0.0000   0.000E+00  4.645E-01  0.000E+00
 0.100     9.532358     2810.  -3.062  5.248  0.124  -9.5768   6.660   2.6033  0.0000   0.000E+00  4.645E-01  0.000E+00
 0.100     9.540363     2810.  -3.062  5.248  0.124  -9.5735   6.660   2.6033  0.0000   0.000E+00  4.645E-01  0.000E+00
 0.100     9.552100     2810.  -3.062  5.248  0.124  -9.5702   6.660   2.6033  0.0000   0.000E+00  4.645E-01  0.000E+00
 0.100     9.559752     2810.  -3.062  5.248  0.124  -9.5670   6.660   2.6033  0.0000   0.000E+00  4.645E-01  0.000E+00
 0.100     9.570983     2810.  -3.062  5.248  0.124  -9.5638   6.660   2.6032  0.0000   0.000E+00  4.645E-01  0.000E+00
 0.100     9.581931     2810.  -3.062  5.248  0.124  -9.5607   6.660   2.6032  0.0000   0.000E+00  4.645E-01  0.000E+00
 0.100     9.589079     2811.  -3.062  5.248  0.124  -9.5591   6.660   2.6032  0.0000   0.000E+00  4.645E-01  0.000E+00
 0.100     9.599586     2811.  -3.062  5.248  0.124  -9.5544   6.660   2.6032  0.0000   0.000E+00  4.645E-01  0.000E+00
 0.100     9.609844     2811.  -3.062  5.248  0.124  -9.5513   6.660   2.6032  0.0000   0.000E+00  4.645E-01  0.000E+00
 0.100     9.619865     2811.  -3.062  5.248  0.124  -9.5482   6.660   2.6032  0.0000   0.000E+00  4.645E-01  0.000E+00
 0.100     9.629661     2811.  -3.062  5.248  0.124  -9.5452   6.660   2.6032  0.0000   0.000E+00  4.645E-01  0.000E+00
 0.100     9.639240     2811.  -3.062  5.248  0.124  -9.5421   6.660   2.6032  0.0000   0.000E+00  4.645E-01  0.000E+00
 0.100     9.651694     2811.  -3.062  5.248  0.124  -9.5376   6.661   2.6032  0.0000   0.000E+00  4.645E-01  0.000E+00
 0.100     9.660804     2811.  -3.062  5.248  0.124  -9.5346   6.661   2.6031  0.0000   0.000E+00  4.645E-01  0.000E+00
 0.100     9.669727     2811.  -3.062  5.248  0.124  -9.5331   6.661   2.6031  0.0000   0.000E+00  4.645E-01  0.000E+00
 0.100     9.681347     2811.  -3.062  5.248  0.124  -9.5287   6.661   2.6031  0.0000   0.000E+00  4.645E-01  0.000E+00
 0.100     9.689862     2811.  -3.061  5.248  0.124  -9.5258   6.661   2.6031  0.0000   0.000E+00  4.645E-01  0.000E+00
 0.100     9.700961     2811.  -3.061  5.248  0.124  -9.5214   6.661   2.6031  0.0000   0.000E+00  4.645E-01  0.000E+00
 0.100     9.709105     2811.  -3.061  5.248  0.124  -9.5200   6.661   2.6031  0.0000   0.000E+00  4.645E-01  0.000E+00
 0.100     9.719729     2811.  -3.061  5.248  0.124  -9.5157   6.661   2.6031  0.0000   0.000E+00  4.645E-01  0.000E+00
 0.100     9.730100     2811.  -3.061  5.248  0.124  -9.5129   6.661   2.6031  0.0000   0.000E+00  4.645E-01  0.000E+00
 0.100     9.740228     2811.  -3.061  5.248  0.124  -9.5086   6.661   2.6030  0.0000   0.000E+00  4.645E-01  0.000E+00
 0.100     9.750127     2811.  -3.061  5.248  0.124  -9.5058   6.661   2.6030  0.0000   0.000E+00  4.645E-01  0.000E+00
 0.100     9.759805     2811.  -3.061  5.248  0.124  -9.5017   6.661   2.6030  0.0000   0.000E+00  4.645E-01  0.000E+00
 0.100     9.769271     2811.  -3.061  5.248  0.124  -9.4989   6.661   2.6030  0.0000   0.000E+00  4.645E-01  0.000E+00
 0.100     9.780821     2811.  -3.061  5.248  0.124  -9.4949   6.661   2.6030  0.0000   0.000E+00  4.645E-01  0.000E+00
 0.100     9.789845     2811.  -3.061  5.248  0.124  -9.4921   6.661   2.6030  0.0000   0.000E+00  4.645E-01  0.000E+00
 0.100     9.800868     2811.  -3.061  5.248  0.124  -9.4881   6.661   2.6029  0.0000   0.000E+00  4.645E-01  0.000E+00
 0.100     9.809489     2811.  -3.061  5.248  0.124  -9.4855   6.661   2.6029  0.0000   0.000E+00  4.645E-01  0.000E+00
 0.100     9.820030     2811.  -3.061  5.248  0.124  -9.4815   6.661   2.6029  0.0000   0.000E+00  4.645E-01  0.000E+00
 0.100     9.830321     2811.  -3.061  5.248  0.124  -9.4776   6.661   2.6029  0.0000   0.000E+00  4.645E-01  0.000E+00
 0.100     9.840374     2811.  -3.061  5.248  0.124  -9.4737   6.661   2.6029  0.0000   0.000E+00  4.645E-01  0.000E+00
 0.100     9.850199     2812.  -3.061  5.248  0.124  -9.4711   6.661   2.6028  0.0000   0.000E+00  4.645E-01  0.000E+00
 0.100     9.859808     2812.  -3.061  5.248  0.124  -9.4672   6.661   2.6028  0.0000   0.000E+00  4.645E-01  0.000E+00
 0.100     9.869208     2812.  -3.061  5.248  0.124  -9.4634   6.661   2.6028  0.0000   0.000E+00  4.645E-01  0.000E+00
 0.100     9.880226     2812.  -3.061  5.248  0.124  -9.4597   6.661   2.6028  0.0000   0.000E+00  4.645E-01  0.000E+00
 0.100     9.889199     2812.  -3.061  5.248  0.124  -9.4559   6.661   2.6028  0.0000   0.000E+00  4.645E-01  0.000E+00
 0.100     9.899727     2812.  -3.061  5.248  0.124  -9.4522   6.661   2.6027  0.0000   0.000E+00  4.645E-01  0.000E+00
 0.100     9.910006     2812.  -3.061  5.248  0.124  -9.4486   6.661   2.6027  0.0000   0.000E+00  4.645E-01  0.000E+00
 0.100     9.920047     2812.  -3.061  5.248  0.124  -9.4449   6.661   2.6027  0.0000   0.000E+00  4.645E-01  0.000E+00
 0.100     9.929862     2812.  -3.060  5.248  0.124  -9.4413   6.661   2.6027  0.0000   0.000E+00  4.645E-01  0.000E+00
 0.100     9.939459     2812.  -3.060  5.248  0.124  -9.4377   6.661   2.6027  0.0000   0.000E+00  4.645E-01  0.000E+00
 0.100     9.950395     2812.  -3.060  5.248  0.124  -9.4330   6.661   2.6026  0.0000   0.000E+00  4.645E-01  0.000E+00
 0.100     9.959554     2812.  -3.060  5.248  0.124  -9.4295   6.661   2.6026  0.0000   0.000E+00  4.645E-01  0.000E+00
 0.100     9.970001     2812.  -3.060  5.248  0.124  -9.4260   6.661   2.6026  0.0000   0.000E+00  4.645E-01  0.000E+00
 0.100     9.980203     2812.  -3.060  5.248  0.124  -9.4225   6.661   2.6026  0.0000   0.000E+00  4.645E-01  0.000E+00
 0.100     9.990170     2812.  -3.060  5.248  0.124  -9.4179   6.661   2.6025  0.0000   0.000E+00  4.645E-01  0.000E+00
 0.100     9.999914     2812.  -3.060  5.248  0.124  -9.4145   6.661   2.6025  0.0000   0.000E+00  4.645E-01  0.000E+00