 M/Ms    log(t)(yr)  Teff     L/Ls    g   R/Rs Log(Li/Li0) log(Tc)  log(ROc)   Mrad     Rrad       k2conv      k2rad
 0.700     5.691618     4111.   0.268  3.424  2.687   0.0000   6.312  -0.5062  0.0000   0.000E+00  4.469E-01  0.000E+00
 0.700     5.704917     4110.   0.258  3.434  2.657   0.0000   6.317  -0.4922  0.0000   0.000E+00  4.470E-01  0.000E+00
 0.700     5.711587     4109.   0.253  3.439  2.643   0.0000   6.319  -0.4852  0.0000   0.000E+00  4.470E-01  0.000E+00
 0.700     5.724960     4108.   0.243  3.448  2.614   0.0000   6.324  -0.4712  0.0000   0.000E+00  4.472E-01  0.000E+00
 0.700     5.731666     4107.   0.238  3.453  2.599   0.0000   6.326  -0.4642  0.0000   0.000E+00  4.472E-01  0.000E+00
 0.700     5.745110     4106.   0.227  3.463  2.571   0.0000   6.331  -0.4502  0.0000   0.000E+00  4.473E-01  0.000E+00
 0.700     5.751849     4105.   0.222  3.467  2.556   0.0000   6.333  -0.4432  0.0000   0.000E+00  4.474E-01  0.000E+00
 0.700     5.765362     4103.   0.212  3.477  2.528   0.0000   6.338  -0.4292  0.0000   0.000E+00  4.475E-01  0.000E+00
 0.700     5.772135     4103.   0.207  3.482  2.514   0.0000   6.340  -0.4222  0.0000   0.000E+00  4.476E-01  0.000E+00
 0.700     5.785714     4101.   0.197  3.491  2.487   0.0000   6.345  -0.4081  0.0000   0.000E+00  4.477E-01  0.000E+00
 0.700     5.792518     4100.   0.191  3.496  2.473   0.0000   6.347  -0.4011  0.0000   0.000E+00  4.477E-01  0.000E+00
 0.700     5.799333     4099.   0.186  3.501  2.459   0.0000   6.349  -0.3941  0.0000   0.000E+00  4.478E-01  0.000E+00
 0.700     5.812996     4098.   0.176  3.511  2.432   0.0000   6.354  -0.3801  0.0000   0.000E+00  4.479E-01  0.000E+00
 0.700     5.819840     4097.   0.171  3.515  2.419   0.0000   6.356  -0.3730  0.0000   0.000E+00  4.480E-01  0.000E+00
 0.700     5.833559     4096.   0.161  3.525  2.393   0.0000   6.361  -0.3590  0.0000   0.000E+00  4.481E-01  0.000E+00
 0.700     5.840431     4095.   0.156  3.530  2.379   0.0000   6.363  -0.3519  0.0000   0.000E+00  4.481E-01  0.000E+00
 0.700     5.854205     4094.   0.146  3.539  2.353   0.0000   6.368  -0.3378  0.0000   0.000E+00  4.482E-01  0.000E+00
 0.700     5.861104     4093.   0.141  3.544  2.340   0.0000   6.370  -0.3308  0.0000   0.000E+00  4.483E-01  0.000E+00
 0.700     5.874930     4092.   0.130  3.554  2.315   0.0000   6.375  -0.3167  0.0000   0.000E+00  4.484E-01  0.000E+00
 0.700     5.881855     4091.   0.125  3.558  2.302   0.0000   6.377  -0.3096  0.0000   0.000E+00  4.485E-01  0.000E+00
 0.700     5.895731     4089.   0.115  3.568  2.277   0.0000   6.382  -0.2955  0.0000   0.000E+00  4.486E-01  0.000E+00
 0.700     5.902681     4089.   0.110  3.573  2.264   0.0000   6.384  -0.2884  0.0000   0.000E+00  4.486E-01  0.000E+00
 0.700     5.909639     4088.   0.105  3.578  2.252   0.0000   6.386  -0.2813  0.0000   0.000E+00  4.487E-01  0.000E+00
 0.700     5.923578     4086.   0.095  3.587  2.227   0.0000   6.391  -0.2672  0.0000   0.000E+00  4.488E-01  0.000E+00
 0.700     5.930557     4086.   0.090  3.592  2.215   0.0000   6.393  -0.2601  0.0000   0.000E+00  4.488E-01  0.000E+00
 0.700     5.944539     4084.   0.079  3.602  2.191   0.0000   6.398  -0.2460  0.0000   0.000E+00  4.489E-01  0.000E+00
 0.700     5.951539     4083.   0.074  3.606  2.179   0.0000   6.400  -0.2389  0.0000   0.000E+00  4.490E-01  0.000E+00
 0.700     5.965558     4082.   0.064  3.616  2.155   0.0000   6.405  -0.2248  0.0000   0.000E+00  4.490E-01  0.000E+00
 0.700     5.972577     4081.   0.059  3.621  2.143   0.0000   6.407  -0.2178  0.0000   0.000E+00  4.491E-01  0.000E+00
 0.700     5.979601     4080.   0.054  3.625  2.131   0.0000   6.409  -0.2107  0.0000   0.000E+00  4.491E-01  0.000E+00
 0.700     5.993665     4079.   0.044  3.635  2.108   0.0000   6.414  -0.1966  0.0000   0.000E+00  4.492E-01  0.000E+00
 0.700     6.000703     4078.   0.038  3.640  2.096   0.0000   6.416  -0.1896  0.0000   0.000E+00  4.493E-01  0.000E+00
 0.700     6.014793     4076.   0.028  3.649  2.073   0.0000   6.421  -0.1755  0.0000   0.000E+00  4.494E-01  0.000E+00
 0.700     6.021842     4076.   0.023  3.654  2.062   0.0000   6.423  -0.1685  0.0000   0.000E+00  4.494E-01  0.000E+00
 0.700     6.035954     4074.   0.013  3.664  2.040   0.0000   6.428  -0.1544  0.0000   0.000E+00  4.495E-01  0.000E+00
 0.700     6.043012     4073.   0.008  3.668  2.028   0.0000   6.430  -0.1474  0.0000   0.000E+00  4.495E-01  0.000E+00
 0.700     6.050074     4072.   0.003  3.673  2.017   0.0000   6.432  -0.1404  0.0000   0.000E+00  4.496E-01  0.000E+00
 0.700     6.064203     4071.  -0.008  3.683  1.995   0.0000   6.437  -0.1264  0.0000   0.000E+00  4.497E-01  0.000E+00
 0.700     6.071271     4070.  -0.013  3.687  1.984   0.0000   6.439  -0.1194  0.0000   0.000E+00  4.497E-01  0.000E+00
 0.700     6.085412     4068.  -0.023  3.697  1.963   0.0000   6.444  -0.1055  0.0000   0.000E+00  4.498E-01  0.000E+00
 0.700     6.092482     4067.  -0.028  3.702  1.952   0.0000   6.446  -0.0985  0.0000   0.000E+00  4.499E-01  0.000E+00
 0.700     6.099556     4066.  -0.033  3.706  1.942   0.0000   6.449  -0.0915  0.0000   0.000E+00  4.499E-01  0.000E+00
 0.700     6.113713     4064.  -0.044  3.716  1.920   0.0000   6.453  -0.0776  0.0000   0.000E+00  4.500E-01  0.000E+00
 0.700     6.120791     4063.  -0.049  3.721  1.910   0.0000   6.455  -0.0707  0.0000   0.000E+00  4.500E-01  0.000E+00
 0.700     6.134958     4061.  -0.059  3.730  1.889   0.0000   6.460  -0.0568  0.0000   0.000E+00  4.501E-01  0.000E+00
 0.700     6.142045     4060.  -0.064  3.735  1.879   0.0000   6.462  -0.0498  0.0000   0.000E+00  4.502E-01  0.000E+00
 0.700     6.149133     4059.  -0.069  3.739  1.869   0.0000   6.465  -0.0429  0.0000   0.000E+00  4.502E-01  0.000E+00
 0.700     6.163319     4057.  -0.080  3.749  1.849   0.0000   6.469  -0.0290  0.0000   0.000E+00  4.503E-01  0.000E+00
 0.700     6.170414     4056.  -0.085  3.754  1.839   0.0000   6.472  -0.0221  0.0000   0.000E+00  4.503E-01  0.000E+00
 0.700     6.184615     4053.  -0.095  3.763  1.819   0.0000   6.476  -0.0083  0.0000   0.000E+00  4.505E-01  0.000E+00
 0.700     6.191722     4052.  -0.101  3.768  1.809   0.0000   6.479  -0.0014  0.0000   0.000E+00  4.505E-01  0.000E+00
 0.700     6.205943     4050.  -0.111  3.777  1.789   0.0000   6.483   0.0124  0.0000   0.000E+00  4.506E-01  0.000E+00
 0.700     6.213061     4049.  -0.116  3.782  1.780   0.0000   6.485   0.0193  0.0000   0.000E+00  4.506E-01  0.000E+00
 0.700     6.220181     4048.  -0.121  3.787  1.770   0.0000   6.488   0.0262  0.0000   0.000E+00  4.507E-01  0.000E+00
 0.700     6.234439     4045.  -0.132  3.796  1.751   0.0000   6.492   0.0400  0.0000   0.000E+00  4.508E-01  0.000E+00
 0.700     6.241574     4044.  -0.137  3.801  1.742   0.0000   6.495   0.0469  0.0000   0.000E+00  4.508E-01  0.000E+00
 0.700     6.255861     4042.  -0.147  3.810  1.723   0.0000   6.499   0.0607  0.0000   0.000E+00  4.509E-01  0.000E+00
 0.700     6.263016     4041.  -0.153  3.815  1.714   0.0000   6.501   0.0676  0.0000   0.000E+00  4.509E-01  0.000E+00
 0.700     6.270173     4039.  -0.158  3.820  1.704   0.0000   6.504   0.0745  0.0000   0.000E+00  4.510E-01  0.000E+00
 0.700     6.284507     4037.  -0.168  3.829  1.686  -0.0004   6.508   0.0882  0.0000   0.000E+00  4.511E-01  0.000E+00
 0.700     6.291688     4035.  -0.174  3.834  1.677  -0.0004   6.511   0.0952  0.0000   0.000E+00  4.511E-01  0.000E+00
 0.700     6.306062     4033.  -0.184  3.843  1.659  -0.0004   6.515   0.1090  0.0000   0.000E+00  4.512E-01  0.000E+00
 0.700     6.313260     4032.  -0.189  3.848  1.650  -0.0004   6.517   0.1159  0.0000   0.000E+00  4.512E-01  0.000E+00
 0.700     6.320466     4030.  -0.195  3.852  1.641  -0.0004   6.520   0.1228  0.0000   0.000E+00  4.513E-01  0.000E+00
 0.700     6.334896     4028.  -0.205  3.862  1.624  -0.0009   6.524   0.1366  0.0000   0.000E+00  4.513E-01  0.000E+00
 0.700     6.342121     4026.  -0.210  3.866  1.615  -0.0009   6.526   0.1435  0.0000   0.000E+00  4.514E-01  0.000E+00
 0.700     6.349355     4025.  -0.216  3.871  1.606  -0.0009   6.529   0.1505  0.0000   0.000E+00  4.514E-01  0.000E+00
 0.700     6.363839     4022.  -0.226  3.880  1.589  -0.0013   6.533   0.1643  0.0000   0.000E+00  4.515E-01  0.000E+00
 0.700     6.371092     4021.  -0.231  3.885  1.581  -0.0013   6.535   0.1712  0.0000   0.000E+00  4.515E-01  0.000E+00
 0.700     6.385619     4018.  -0.242  3.894  1.564  -0.0017   6.540   0.1851  0.0000   0.000E+00  4.516E-01  0.000E+00
 0.700     6.392890     4016.  -0.247  3.899  1.555  -0.0022   6.542   0.1920  0.0000   0.000E+00  4.516E-01  0.000E+00
 0.700     6.400170     4015.  -0.253  3.904  1.547  -0.0022   6.545   0.1989  0.0000   0.000E+00  4.516E-01  0.000E+00
 0.700     6.414748     4012.  -0.263  3.913  1.530  -0.0031   6.549   0.2127  0.0000   0.000E+00  4.517E-01  0.000E+00
 0.700     6.422045     4011.  -0.268  3.918  1.522  -0.0035   6.551   0.2196  0.0000   0.000E+00  4.517E-01  0.000E+00
 0.700     6.429348     4009.  -0.274  3.922  1.514  -0.0039   6.554   0.2266  0.0000   0.000E+00  4.518E-01  0.000E+00
 0.700     6.443973     4006.  -0.284  3.932  1.498  -0.0052   6.558   0.2404  0.0000   0.000E+00  4.518E-01  0.000E+00
 0.700     6.451290     4005.  -0.290  3.936  1.490  -0.0057   6.561   0.2473  0.0000   0.000E+00  4.519E-01  0.000E+00
 0.700     6.465943     4001.  -0.300  3.946  1.474  -0.0074   6.565   0.2611  0.0000   0.000E+00  4.519E-01  0.000E+00
 0.700     6.473275     4000.  -0.306  3.950  1.466  -0.0083   6.567   0.2680  0.0000   0.000E+00  4.520E-01  0.000E+00
 0.700     6.480613     3998.  -0.311  3.955  1.458  -0.0097   6.569   0.2749  0.0000   0.000E+00  4.520E-01  0.000E+00
 0.700     6.494532     3996.  -0.321  3.964  1.443  -0.0123   6.574   0.2879  0.0000   0.000E+00  4.521E-01  0.000E+00
 0.700     6.500420     3994.  -0.325  3.968  1.437  -0.0137   6.576   0.2935  0.0000   0.000E+00  4.521E-01  0.000E+00
 0.700     6.510631     3992.  -0.333  3.974  1.426  -0.0164   6.579   0.3030  0.0000   0.000E+00  4.521E-01  0.000E+00
 0.700     6.519291     3990.  -0.339  3.980  1.417  -0.0191   6.582   0.3112  0.0000   0.000E+00  4.522E-01  0.000E+00
 0.700     6.530241     3988.  -0.347  3.987  1.406  -0.0227   6.585   0.3214  0.0000   0.000E+00  4.522E-01  0.000E+00
 0.700     6.539446     3986.  -0.354  3.992  1.397  -0.0269   6.588   0.3301  0.0000   0.000E+00  4.523E-01  0.000E+00
 0.700     6.549823     3983.  -0.362  3.999  1.386  -0.0320   6.591   0.3398  0.0000   0.000E+00  4.523E-01  0.000E+00
 0.700     6.560650     3982.  -0.369  4.006  1.375  -0.0386   6.594   0.3499  0.0000   0.000E+00  4.524E-01  0.000E+00
 0.700     6.569795     3981.  -0.376  4.012  1.366  -0.0453   6.597   0.3585  0.0000   0.000E+00  4.524E-01  0.000E+00
 0.700     6.579180     3979.  -0.382  4.018  1.357  -0.0531   6.600   0.3673  0.0000   0.000E+00  4.525E-01  0.000E+00
 0.700     6.589996     3978.  -0.390  4.025  1.346  -0.0635   6.603   0.3774  0.0006   7.035E-02  4.525E-01  9.397E-04
 0.700     6.600239     3976.  -0.397  4.031  1.336  -0.0752   6.606   0.3871  0.0014   9.449E-02  4.526E-01  2.020E-03
 0.700     6.610003     3975.  -0.404  4.037  1.326  -0.0872   6.609   0.3963  0.0031   1.206E-01  4.526E-01  3.774E-03
 0.700     6.619656     3973.  -0.410  4.043  1.317  -0.1007   6.612   0.4055  0.0047   1.382E-01  4.526E-01  5.371E-03
 0.700     6.629709     3971.  -0.418  4.050  1.307  -0.1158   6.615   0.4150  0.0057   1.471E-01  4.527E-01  6.394E-03
 0.700     6.639436     3970.  -0.424  4.056  1.298  -0.1319   6.618   0.4243  0.0079   1.626E-01  4.527E-01  8.339E-03
 0.700     6.649727     3968.  -0.432  4.062  1.288  -0.1500   6.621   0.4342  0.0121   1.870E-01  4.527E-01  1.200E-02
 0.700     6.659595     3967.  -0.439  4.069  1.279  -0.1694   6.624   0.4437  0.0142   1.963E-01  4.527E-01  1.374E-02
 0.700     6.669060     3965.  -0.445  4.075  1.270  -0.1884   6.626   0.4528  0.0163   2.044E-01  4.527E-01  1.544E-02
 0.700     6.679104     3963.  -0.453  4.081  1.261  -0.2111   6.629   0.4626  0.0187   2.125E-01  4.527E-01  1.728E-02
 0.700     6.689436     3961.  -0.460  4.088  1.252  -0.2358   6.632   0.4726  0.0210   2.197E-01  4.526E-01  1.909E-02
 0.700     6.699326     3960.  -0.467  4.094  1.243  -0.2620   6.635   0.4823  0.0257   2.340E-01  4.525E-01  2.261E-02
 0.700     6.709246     3958.  -0.474  4.100  1.234  -0.2899   6.637   0.4921  0.0257   2.323E-01  4.526E-01  2.261E-02
 0.700     6.719345     3956.  -0.481  4.107  1.225  -0.3188   6.640   0.5020  0.0304   2.445E-01  4.524E-01  2.604E-02
 0.700     6.729641     3954.  -0.488  4.113  1.216  -0.3507   6.643   0.5122  0.0355   2.565E-01  4.523E-01  2.975E-02
 0.700     6.740088     3952.  -0.496  4.120  1.207  -0.3840   6.646   0.5226  0.0355   2.545E-01  4.523E-01  2.974E-02
 0.700     6.752473     3950.  -0.504  4.127  1.196  -0.4202   6.649   0.5350  0.0407   2.647E-01  4.521E-01  3.336E-02
 0.700     6.765042     3948.  -0.513  4.135  1.185  -0.4572   6.652   0.5475  0.0458   2.737E-01  4.518E-01  3.692E-02
 0.700     6.772498     3947.  -0.518  4.140  1.179  -0.4776   6.654   0.5550  0.0510   2.828E-01  4.516E-01  4.043E-02
 0.700     6.779971     3945.  -0.524  4.144  1.173  -0.5017   6.656   0.5625  0.0510   2.813E-01  4.516E-01  4.042E-02
 0.700     6.794949     3942.  -0.534  4.154  1.160  -0.5467   6.660   0.5777  0.0613   2.975E-01  4.509E-01  4.730E-02
 0.700     6.802456     3941.  -0.539  4.158  1.154  -0.5702   6.661   0.5853  0.0613   2.958E-01  4.510E-01  4.728E-02
 0.700     6.809974     3940.  -0.545  4.163  1.148  -0.5952   6.663   0.5930  0.0665   3.030E-01  4.506E-01  5.066E-02
 0.700     6.825049     3937.  -0.555  4.172  1.136  -0.6478   6.667   0.6084  0.0716   3.080E-01  4.502E-01  5.398E-02
 0.700     6.832607     3936.  -0.560  4.177  1.130  -0.6737   6.669   0.6162  0.0768   3.143E-01  4.498E-01  5.729E-02
 0.700     6.840176     3935.  -0.565  4.181  1.124  -0.7033   6.671   0.6240  0.0768   3.126E-01  4.498E-01  5.726E-02
 0.700     6.855359     3932.  -0.576  4.191  1.112  -0.7595   6.674   0.6398  0.0871   3.240E-01  4.489E-01  6.379E-02
 0.700     6.862971     3931.  -0.581  4.195  1.106  -0.7905   6.676   0.6478  0.0871   3.222E-01  4.489E-01  6.376E-02
 0.700     6.870597     3929.  -0.586  4.200  1.100  -0.8210   6.678   0.6558  0.0923   3.274E-01  4.484E-01  6.698E-02
 0.700     6.885895     3927.  -0.597  4.209  1.088  -0.8861   6.682   0.6719  0.0974   3.304E-01  4.479E-01  7.014E-02
 0.700     6.893566     3925.  -0.602  4.214  1.082  -0.9172   6.683   0.6800  0.1026   3.351E-01  4.473E-01  7.332E-02
 0.700     6.901254     3924.  -0.607  4.218  1.077  -0.9508   6.685   0.6882  0.1078   3.395E-01  4.467E-01  7.647E-02
 0.700     6.916678     3922.  -0.617  4.228  1.065  -1.0200   6.689   0.7047  0.1129   3.417E-01  4.461E-01  7.955E-02
 0.700     6.924413     3920.  -0.623  4.232  1.060  -1.0560   6.691   0.7130  0.1181   3.457E-01  4.455E-01  8.266E-02
 0.700     6.932167     3919.  -0.628  4.237  1.054  -1.0915   6.692   0.7214  0.1232   3.495E-01  4.449E-01  8.576E-02
 0.700     6.939939     3918.  -0.633  4.242  1.048  -1.1273   6.694   0.7298  0.1284   3.531E-01  4.442E-01  8.883E-02
 0.700     6.955535     3916.  -0.643  4.251  1.037  -1.2048   6.698   0.7468  0.1336   3.545E-01  4.435E-01  9.182E-02
 0.700     6.963362     3914.  -0.649  4.256  1.032  -1.2441   6.700   0.7554  0.1387   3.577E-01  4.427E-01  9.486E-02
 0.700     6.971208     3913.  -0.654  4.260  1.026  -1.2823   6.702   0.7640  0.1439   3.609E-01  4.420E-01  9.788E-02
 0.700     6.979039     3912.  -0.659  4.265  1.021  -1.3215   6.703   0.7726  0.1490   3.639E-01  4.412E-01  1.009E-01
 0.700     6.994609     3909.  -0.669  4.274  1.010  -1.4056   6.707   0.7899  0.1542   3.646E-01  4.404E-01  1.038E-01
 0.700     7.002348     3908.  -0.674  4.279  1.005  -1.4473   6.709   0.7986  0.1594   3.674E-01  4.395E-01  1.068E-01
 0.700     7.010058     3907.  -0.679  4.283  0.999  -1.4881   6.710   0.8072  0.1645   3.700E-01  4.387E-01  1.097E-01
 0.700     7.025384     3905.  -0.689  4.292  0.989  -1.5735   6.714   0.8246  0.1697   3.704E-01  4.378E-01  1.126E-01
 0.700     7.032997     3904.  -0.694  4.297  0.984  -1.6180   6.716   0.8332  0.1748   3.729E-01  4.369E-01  1.155E-01
 0.700     7.040583     3903.  -0.699  4.301  0.979  -1.6615   6.718   0.8419  0.1800   3.753E-01  4.360E-01  1.184E-01
 0.700     7.055665     3901.  -0.709  4.310  0.969  -1.7496   6.721   0.8592  0.1903   3.798E-01  4.340E-01  1.242E-01
 0.700     7.063161     3900.  -0.713  4.314  0.965  -1.7959   6.723   0.8678  0.1903   3.776E-01  4.339E-01  1.241E-01
 0.700     7.070625     3899.  -0.718  4.318  0.960  -1.8416   6.724   0.8765  0.1955   3.798E-01  4.329E-01  1.270E-01
 0.700     7.085462     3898.  -0.727  4.327  0.951  -1.9355   6.728   0.8938  0.2027   3.814E-01  4.314E-01  1.309E-01
 0.700     7.092836     3897.  -0.732  4.331  0.946  -1.9830   6.730   0.9025  0.2064   3.822E-01  4.306E-01  1.328E-01
 0.700     7.100177     3896.  -0.736  4.335  0.941  -2.0297   6.731   0.9111  0.2132   3.855E-01  4.292E-01  1.367E-01
 0.700     7.114771     3895.  -0.745  4.343  0.933  -2.1232   6.735   0.9285  0.2201   3.865E-01  4.277E-01  1.403E-01
 0.700     7.122019     3894.  -0.749  4.347  0.928  -2.1701   6.736   0.9371  0.2270   3.897E-01  4.262E-01  1.441E-01
 0.700     7.129239     3894.  -0.754  4.351  0.924  -2.2204   6.738   0.9458  0.2270   3.875E-01  4.260E-01  1.439E-01
 0.700     7.143589     3893.  -0.762  4.359  0.915  -2.3152   6.742   0.9631  0.2407   3.935E-01  4.229E-01  1.515E-01
 0.700     7.150717     3892.  -0.766  4.363  0.911  -2.3645   6.743   0.9718  0.2407   3.913E-01  4.228E-01  1.512E-01
 0.700     7.164879     3891.  -0.774  4.371  0.903  -2.4647   6.747   0.9891  0.2476   3.920E-01  4.210E-01  1.547E-01
 0.700     7.171917     3891.  -0.778  4.375  0.899  -2.5129   6.748   0.9978  0.2545   3.949E-01  4.193E-01  1.585E-01
 0.700     7.185893     3890.  -0.786  4.383  0.891  -2.6073   6.752   1.0151  0.2660   3.988E-01  4.163E-01  1.646E-01
 0.700     7.192838     3890.  -0.790  4.386  0.887  -2.6536   6.753   1.0238  0.2707   3.999E-01  4.151E-01  1.671E-01
 0.700     7.199750     3890.  -0.794  4.390  0.884  -2.7033   6.755   1.0325  0.2707   3.977E-01  4.149E-01  1.668E-01
 0.700     7.213483     3890.  -0.801  4.398  0.876  -2.7986   6.758   1.0498  0.2818   4.012E-01  4.118E-01  1.726E-01
 0.700     7.220304     3890.  -0.805  4.401  0.872  -2.8508   6.760   1.0585  0.2818   3.990E-01  4.116E-01  1.723E-01
 0.700     7.233856     3890.  -0.812  4.408  0.865  -2.9469   6.763   1.0759  0.2948   4.036E-01  4.079E-01  1.792E-01
 0.700     7.240587     3890.  -0.816  4.412  0.862  -2.9957   6.765   1.0845  0.2948   4.014E-01  4.077E-01  1.788E-01
 0.700     7.253956     3890.  -0.823  4.419  0.855  -3.0883   6.769   1.1019  0.3078   4.059E-01  4.039E-01  1.856E-01
 0.700     7.260596     3890.  -0.826  4.422  0.852  -3.1373   6.770   1.1106  0.3078   4.037E-01  4.036E-01  1.853E-01
 0.700     7.273783     3891.  -0.832  4.429  0.845  -3.2269   6.774   1.1279  0.3208   4.082E-01  3.996E-01  1.920E-01
 0.700     7.280330     3892.  -0.835  4.432  0.842  -3.2749   6.775   1.1366  0.3208   4.060E-01  3.993E-01  1.916E-01
 0.700     7.293332     3893.  -0.841  4.439  0.835  -3.3625   6.779   1.1540  0.3330   4.098E-01  3.953E-01  1.978E-01
 0.700     7.299786     3893.  -0.844  4.442  0.832  -3.4089   6.780   1.1627  0.3330   4.076E-01  3.951E-01  1.974E-01
 0.700     7.312607     3895.  -0.850  4.448  0.826  -3.4962   6.784   1.1801  0.3443   4.108E-01  3.912E-01  2.031E-01
 0.700     7.318973     3896.  -0.853  4.452  0.823  -3.5376   6.785   1.1887  0.3482   4.112E-01  3.897E-01  2.049E-01
 0.700     7.331616     3898.  -0.858  4.458  0.818  -3.6216   6.789   1.2061  0.3561   4.121E-01  3.867E-01  2.085E-01
 0.700     7.344141     3900.  -0.863  4.464  0.812  -3.7033   6.792   1.2235  0.3639   4.129E-01  3.836E-01  2.120E-01
 0.700     7.350360     3901.  -0.865  4.467  0.809  -3.7423   6.794   1.2322  0.3678   4.133E-01  3.820E-01  2.138E-01
 0.700     7.362712     3905.  -0.870  4.472  0.804  -3.8210   6.798   1.2496  0.3757   4.142E-01  3.788E-01  2.172E-01
 0.700     7.374946     3908.  -0.874  4.478  0.799  -3.8962   6.801   1.2669  0.3835   4.151E-01  3.755E-01  2.207E-01
 0.700     7.381019     3910.  -0.876  4.481  0.796  -3.9355   6.803   1.2756  0.3874   4.155E-01  3.738E-01  2.224E-01
 0.700     7.393073     3914.  -0.879  4.486  0.791  -4.0074   6.806   1.2930  0.3952   4.165E-01  3.704E-01  2.258E-01
 0.700     7.399056     3916.  -0.881  4.489  0.789  -4.0429   6.808   1.3017  0.3992   4.169E-01  3.686E-01  2.275E-01
 0.700     7.410934     3921.  -0.884  4.494  0.784  -4.1107   6.812   1.3191  0.4070   4.179E-01  3.651E-01  2.308E-01
 0.700     7.422698     3926.  -0.887  4.499  0.779  -4.1752   6.816   1.3365  0.4148   4.189E-01  3.614E-01  2.341E-01
 0.700     7.434352     3932.  -0.889  4.504  0.775  -4.2366   6.819   1.3539  0.4227   4.199E-01  3.576E-01  2.373E-01
 0.700     7.440136     3935.  -0.890  4.507  0.773  -4.2660   6.821   1.3626  0.4266   4.204E-01  3.557E-01  2.389E-01
 0.700     7.451625     3942.  -0.892  4.511  0.768  -4.3215   6.825   1.3800  0.4344   4.215E-01  3.518E-01  2.421E-01
 0.700     7.463010     3949.  -0.894  4.516  0.764  -4.3809   6.829   1.3974  0.4383   4.200E-01  3.494E-01  2.429E-01
 0.700     7.474293     3956.  -0.895  4.521  0.760  -4.4353   6.832   1.4148  0.4452   4.205E-01  3.458E-01  2.455E-01
 0.700     7.479896     3960.  -0.896  4.523  0.758  -4.4597   6.834   1.4235  0.4521   4.231E-01  3.424E-01  2.487E-01
 0.700     7.491027     3968.  -0.897  4.527  0.755  -4.5100   6.838   1.4409  0.4589   4.237E-01  3.386E-01  2.512E-01
 0.700     7.502058     3976.  -0.897  4.531  0.751  -4.5575   6.842   1.4583  0.4658   4.244E-01  3.347E-01  2.536E-01
 0.700     7.512995     3984.  -0.897  4.535  0.748  -4.5969   6.846   1.4757  0.4736   4.258E-01  3.303E-01  2.566E-01
 0.700     7.523840     3993.  -0.897  4.539  0.744  -4.6326   6.850   1.4931  0.4814   4.273E-01  3.257E-01  2.595E-01
 0.700     7.529230     3998.  -0.897  4.541  0.743  -4.6517   6.852   1.5018  0.4814   4.252E-01  3.253E-01  2.586E-01
 0.700     7.539946     4009.  -0.896  4.545  0.740  -4.6882   6.856   1.5192  0.4893   4.268E-01  3.206E-01  2.614E-01
 0.700     7.550577     4020.  -0.895  4.548  0.737  -4.7190   6.860   1.5366  0.4971   4.285E-01  3.157E-01  2.642E-01
 0.700     7.561128     4032.  -0.893  4.552  0.734  -4.7447   6.865   1.5540  0.5049   4.303E-01  3.108E-01  2.670E-01
 0.700     7.571604     4045.  -0.891  4.555  0.731  -4.7747   6.869   1.5714  0.5089   4.292E-01  3.078E-01  2.674E-01
 0.700     7.582010     4058.  -0.889  4.558  0.728  -4.7986   6.873   1.5888  0.5167   4.312E-01  3.026E-01  2.701E-01
 0.700     7.592353     4071.  -0.886  4.561  0.726  -4.8210   6.878   1.6062  0.5206   4.302E-01  2.995E-01  2.703E-01
 0.700     7.602643     4084.  -0.883  4.564  0.723  -4.8416   6.882   1.6236  0.5284   4.324E-01  2.941E-01  2.730E-01
 0.700     7.612886     4098.  -0.880  4.567  0.721  -4.8570   6.887   1.6409  0.5363   4.347E-01  2.885E-01  2.756E-01
 0.700     7.623087     4114.  -0.876  4.570  0.719  -4.8761   6.891   1.6583  0.5402   4.339E-01  2.852E-01  2.757E-01
 0.700     7.633243     4132.  -0.872  4.572  0.716  -4.8894   6.896   1.6756  0.5480   4.365E-01  2.794E-01  2.782E-01
 0.700     7.643358     4149.  -0.867  4.575  0.714  -4.9031   6.901   1.6929  0.5510   4.349E-01  2.766E-01  2.776E-01
 0.700     7.653436     4167.  -0.862  4.578  0.712  -4.9136   6.906   1.7101  0.5559   4.351E-01  2.724E-01  2.782E-01
 0.700     7.663485     4185.  -0.857  4.580  0.710  -4.9245   6.911   1.7273  0.5637   4.381E-01  2.662E-01  2.807E-01
 0.700     7.673511     4204.  -0.851  4.582  0.708  -4.9355   6.917   1.7443  0.5676   4.376E-01  2.626E-01  2.807E-01
 0.700     7.683487     4226.  -0.845  4.585  0.706  -4.9431   6.922   1.7612  0.5755   4.410E-01  2.560E-01  2.832E-01
 0.700     7.693358     4249.  -0.838  4.587  0.704  -4.9508   6.927   1.7777  0.5794   4.407E-01  2.522E-01  2.832E-01
 0.700     7.703079     4270.  -0.831  4.590  0.702  -4.9586   6.933   1.7938  0.5833   4.405E-01  2.484E-01  2.832E-01
 0.700     7.712679     4292.  -0.825  4.592  0.700  -4.9626   6.938   1.8095  0.5872   4.404E-01  2.445E-01  2.832E-01
 0.700     7.722157     4315.  -0.818  4.594  0.698  -4.9666   6.944   1.8247  0.5911   4.404E-01  2.406E-01  2.833E-01
 0.700     7.731574     4339.  -0.811  4.597  0.696  -4.9747   6.949   1.8394  0.5950   4.406E-01  2.366E-01  2.835E-01
 0.700     7.740949     4362.  -0.805  4.600  0.694  -4.9788   6.955   1.8536  0.5988   4.406E-01  2.327E-01  2.837E-01
 0.700     7.750308     4384.  -0.798  4.602  0.692  -4.9830   6.961   1.8672  0.6033   4.416E-01  2.281E-01  2.844E-01
 0.700     7.759690     4407.  -0.792  4.605  0.690  -4.9830   6.967   1.8802  0.6078   4.427E-01  2.234E-01  2.851E-01
 0.700     7.769100     4430.  -0.786  4.608  0.687  -4.9872   6.973   1.8922  0.6123   4.440E-01  2.187E-01  2.860E-01
 0.700     7.784217     4464.  -0.778  4.614  0.683  -4.9914   6.984   1.9088  0.6168   4.429E-01  2.134E-01  2.858E-01
 0.700     7.793575     4484.  -0.774  4.617  0.680  -4.9914   6.992   1.9168  0.6202   4.432E-01  2.095E-01  2.864E-01
 0.700     7.802688     4502.  -0.771  4.621  0.678  -4.9957   6.999   1.9227  0.6237   4.439E-01  2.055E-01  2.872E-01
 0.700     7.811584     4518.  -0.768  4.624  0.675  -4.9957   7.005   1.9284  0.6268   4.445E-01  2.018E-01  2.881E-01
 0.700     7.821159     4533.  -0.767  4.628  0.672  -5.0000   7.012   1.9312  0.6268   4.406E-01  2.014E-01  2.870E-01
 0.700     7.829701     4543.  -0.767  4.632  0.668  -5.0013   7.018   1.9322  0.6300   4.417E-01  1.978E-01  2.886E-01
 0.700     7.842298     4553.  -0.769  4.639  0.664  -5.0035   7.024   1.9311  0.6329   4.413E-01  1.943E-01  2.902E-01
 0.700     7.850602     4556.  -0.773  4.644  0.660  -5.0052   7.028   1.9288  0.6329   4.384E-01  1.942E-01  2.904E-01
 0.700     7.862998     4554.  -0.781  4.651  0.654  -5.0070   7.032   1.9237  0.6358   4.389E-01  1.910E-01  2.934E-01
 0.700     7.871268     4548.  -0.788  4.656  0.651  -5.0083   7.034   1.9195  0.6358   4.366E-01  1.910E-01  2.943E-01
 0.700     7.879574     4539.  -0.797  4.661  0.647  -5.0097   7.035   1.9149  0.6358   4.345E-01  1.912E-01  2.956E-01
 0.700     7.892159     4520.  -0.812  4.669  0.641  -5.0123   7.036   1.9078  0.6358   4.320E-01  1.915E-01  2.978E-01
 0.700     7.900655     4505.  -0.823  4.674  0.637  -5.0137   7.036   1.9033  0.6358   4.306E-01  1.918E-01  2.995E-01
 0.700     7.909243     4489.  -0.834  4.679  0.634  -5.0155   7.036   1.8992  0.6358   4.295E-01  1.921E-01  3.011E-01
 0.700     7.923072     4464.  -0.850  4.685  0.629  -5.0182   7.035   1.8937  0.6358   4.283E-01  1.926E-01  3.036E-01
 0.700     7.929182     4454.  -0.856  4.687  0.628  -5.0269   7.035   1.8919  0.6329   4.241E-01  1.961E-01  3.025E-01
 0.700     7.944909     4433.  -0.868  4.691  0.625  -5.0311   7.034   1.8884  0.6329   4.238E-01  1.966E-01  3.045E-01
 0.700     7.954904     4422.  -0.874  4.693  0.624  -5.0339   7.033   1.8870  0.6329   4.240E-01  1.968E-01  3.054E-01
 0.700     7.966602     4413.  -0.878  4.694  0.623  -5.0501   7.032   1.8858  0.6300   4.205E-01  2.002E-01  3.040E-01
 0.700     7.980235     4407.  -0.881  4.694  0.623  -5.0555   7.032   1.8851  0.6300   4.210E-01  2.004E-01  3.045E-01
 0.700     7.996050     4404.  -0.882  4.693  0.623  -5.0615   7.031   1.8843  0.6300   4.216E-01  2.005E-01  3.047E-01
 0.700     8.014298     4402.  -0.881  4.692  0.624  -5.0680   7.030   1.8838  0.6300   4.222E-01  2.005E-01  3.048E-01
 0.700     8.035226     4402.  -0.880  4.691  0.625  -5.0757   7.029   1.8830  0.6300   4.229E-01  2.005E-01  3.047E-01
 0.700     8.059082     4401.  -0.879  4.690  0.626  -5.0841   7.029   1.8817  0.6300   4.235E-01  2.006E-01  3.048E-01
 0.700     8.086079     4400.  -0.879  4.689  0.626  -5.0942   7.028   1.8806  0.6300   4.241E-01  2.006E-01  3.049E-01
 0.700     8.116402     4399.  -0.879  4.688  0.627  -5.1051   7.027   1.8790  0.6300   4.247E-01  2.007E-01  3.050E-01
 0.700     8.150201     4396.  -0.879  4.688  0.627  -5.1367   7.027   1.8771  0.6268   4.214E-01  2.041E-01  3.030E-01
 0.700     8.187566     4394.  -0.879  4.687  0.628  -5.1586   7.026   1.8763  0.6268   4.220E-01  2.042E-01  3.032E-01
 0.700     8.228536     4392.  -0.879  4.686  0.629  -5.1824   7.025   1.8748  0.6268   4.226E-01  2.043E-01  3.034E-01
 0.700     8.273087     4391.  -0.879  4.685  0.629  -5.2090   7.024   1.8746  0.6268   4.232E-01  2.043E-01  3.035E-01
 0.700     8.321136     4390.  -0.878  4.684  0.630  -5.2381   7.023   1.8750  0.6268   4.236E-01  2.043E-01  3.035E-01
 0.700     8.372555     4389.  -0.878  4.684  0.630  -5.2708   7.022   1.8742  0.6268   4.242E-01  2.044E-01  3.036E-01
 0.700     8.427161     4388.  -0.877  4.683  0.631  -5.3063   7.021   1.8747  0.6268   4.247E-01  2.044E-01  3.036E-01
 0.700     8.475800     4388.  -0.876  4.682  0.631  -5.3410   7.020   1.8759  0.6268   4.251E-01  2.044E-01  3.036E-01
 0.700     8.519535     4388.  -0.876  4.681  0.632  -5.3757   7.019   1.8769  0.6268   4.254E-01  2.044E-01  3.035E-01
 0.700     8.559266     4388.  -0.875  4.681  0.632  -5.4101   7.019   1.8774  0.6268   4.258E-01  2.044E-01  3.035E-01
 0.700     8.595665     4388.  -0.875  4.680  0.633  -5.4437   7.018   1.8778  0.6268   4.261E-01  2.045E-01  3.036E-01
 0.700     8.629247     4387.  -0.875  4.680  0.633  -5.4763   7.018   1.8782  0.6268   4.264E-01  2.045E-01  3.036E-01
 0.700     8.660419     4387.  -0.874  4.679  0.633  -5.5086   7.017   1.8785  0.6268   4.267E-01  2.045E-01  3.036E-01
 0.700     8.689502     4386.  -0.874  4.679  0.634  -5.5406   7.017   1.8788  0.6268   4.270E-01  2.045E-01  3.036E-01
 0.700     8.716759     4386.  -0.874  4.679  0.634  -5.5918   7.016   1.8789  0.6237   4.233E-01  2.078E-01  3.014E-01
 0.700     8.742405     4386.  -0.874  4.678  0.634  -5.6345   7.016   1.8790  0.6237   4.235E-01  2.078E-01  3.014E-01
 0.700     8.766622     4386.  -0.873  4.678  0.634  -5.6778   7.016   1.8791  0.6237   4.237E-01  2.079E-01  3.014E-01
 0.700     8.789559     4386.  -0.873  4.678  0.635  -5.7212   7.016   1.8792  0.6237   4.239E-01  2.079E-01  3.014E-01
 0.700     8.811346     4385.  -0.873  4.677  0.635  -5.7645   7.016   1.8794  0.6237   4.240E-01  2.079E-01  3.014E-01
 0.700     8.832091     4385.  -0.873  4.677  0.635  -5.8069   7.016   1.8795  0.6237   4.242E-01  2.079E-01  3.014E-01
 0.700     8.851890     4385.  -0.872  4.677  0.635  -5.8477   7.015   1.8797  0.6237   4.244E-01  2.079E-01  3.014E-01
 0.700     8.870826     4385.  -0.872  4.676  0.636  -5.8894   7.015   1.8800  0.6237   4.245E-01  2.079E-01  3.014E-01
 0.700     8.888971     4385.  -0.872  4.676  0.636  -5.9318   7.015   1.8802  0.6237   4.246E-01  2.079E-01  3.014E-01
 0.700     8.906388     4386.  -0.871  4.676  0.636  -5.9747   7.015   1.8804  0.6237   4.248E-01  2.079E-01  3.013E-01
 0.700     8.923133     4386.  -0.871  4.676  0.636  -6.0141   7.015   1.8807  0.6237   4.249E-01  2.079E-01  3.013E-01
 0.700     8.939257     4386.  -0.871  4.675  0.636  -6.0555   7.015   1.8810  0.6237   4.250E-01  2.079E-01  3.013E-01
 0.700     8.954803     4386.  -0.871  4.675  0.636  -6.0964   7.015   1.8813  0.6237   4.251E-01  2.079E-01  3.013E-01
 0.700     8.969812     4386.  -0.870  4.675  0.637  -6.1373   7.015   1.8815  0.6237   4.252E-01  2.079E-01  3.012E-01
 0.700     8.984319     4386.  -0.870  4.675  0.637  -6.1778   7.015   1.8818  0.6237   4.253E-01  2.079E-01  3.012E-01
 0.700     8.998358     4386.  -0.870  4.675  0.637  -6.2190   7.015   1.8822  0.6237   4.254E-01  2.079E-01  3.012E-01
 0.700     9.011955     4387.  -0.869  4.674  0.637  -6.2596   7.015   1.8825  0.6237   4.255E-01  2.079E-01  3.012E-01
 0.700     9.025142     4387.  -0.869  4.674  0.637  -6.3002   7.015   1.8828  0.6237   4.256E-01  2.079E-01  3.011E-01
 0.700     9.037940     4387.  -0.869  4.674  0.637  -6.3401   7.015   1.8832  0.6237   4.256E-01  2.079E-01  3.011E-01
 0.700     9.050372     4387.  -0.869  4.674  0.637  -6.3809   7.015   1.8835  0.6237   4.257E-01  2.079E-01  3.011E-01
 0.700     9.062458     4387.  -0.868  4.674  0.638  -6.4214   7.015   1.8838  0.6237   4.258E-01  2.079E-01  3.010E-01
 0.700     9.074216     4388.  -0.868  4.673  0.638  -6.4609   7.015   1.8841  0.6237   4.258E-01  2.079E-01  3.010E-01
 0.700     9.085662     4388.  -0.868  4.673  0.638  -6.5017   7.015   1.8845  0.6237   4.259E-01  2.079E-01  3.010E-01
 0.700     9.096816     4388.  -0.868  4.673  0.638  -6.5406   7.015   1.8848  0.6237   4.260E-01  2.079E-01  3.009E-01
 0.700     9.107691     4388.  -0.867  4.673  0.638  -6.5817   7.015   1.8852  0.6237   4.261E-01  2.079E-01  3.009E-01
 0.700     9.118301     4389.  -0.867  4.673  0.638  -6.6216   7.015   1.8855  0.6237   4.261E-01  2.078E-01  3.009E-01
 0.700     9.128658     4389.  -0.867  4.673  0.638  -6.6615   7.015   1.8859  0.6237   4.262E-01  2.078E-01  3.008E-01
 0.700     9.138770     4389.  -0.867  4.672  0.638  -6.7011   7.015   1.8863  0.6237   4.263E-01  2.078E-01  3.008E-01
 0.700     9.148655     4390.  -0.866  4.672  0.638  -6.7399   7.015   1.8866  0.6237   4.263E-01  2.078E-01  3.007E-01
 0.700     9.158320     4390.  -0.866  4.672  0.639  -6.7799   7.015   1.8870  0.6237   4.264E-01  2.078E-01  3.007E-01
 0.700     9.167775     4390.  -0.866  4.672  0.639  -6.8210   7.015   1.8874  0.6237   4.264E-01  2.078E-01  3.007E-01
 0.700     9.177028     4390.  -0.865  4.672  0.639  -6.8601   7.015   1.8877  0.6237   4.265E-01  2.078E-01  3.006E-01
 0.700     9.186086     4391.  -0.865  4.672  0.639  -6.8996   7.015   1.8881  0.6237   4.265E-01  2.078E-01  3.006E-01
 0.700     9.194961     4391.  -0.865  4.672  0.639  -6.9393   7.015   1.8885  0.6237   4.266E-01  2.078E-01  3.005E-01
 0.700     9.203658     4391.  -0.865  4.671  0.639  -6.9788   7.015   1.8889  0.6237   4.266E-01  2.078E-01  3.005E-01
 0.700     9.212185     4392.  -0.864  4.671  0.639  -7.0186   7.016   1.8892  0.6237   4.267E-01  2.078E-01  3.005E-01
 0.700     9.220547     4392.  -0.864  4.671  0.639  -7.0580   7.016   1.8896  0.6237   4.267E-01  2.078E-01  3.004E-01
 0.700     9.228749     4392.  -0.864  4.671  0.639  -7.0975   7.016   1.8900  0.6237   4.268E-01  2.078E-01  3.004E-01
 0.700     9.236802     4393.  -0.864  4.671  0.640  -7.1373   7.016   1.8904  0.6237   4.268E-01  2.078E-01  3.004E-01
 0.700     9.244707     4393.  -0.863  4.671  0.640  -7.1765   7.016   1.8908  0.6237   4.269E-01  2.078E-01  3.003E-01
 0.700     9.252472     4393.  -0.863  4.671  0.640  -7.2161   7.016   1.8912  0.6237   4.269E-01  2.078E-01  3.003E-01
 0.700     9.260100     4393.  -0.863  4.670  0.640  -7.2557   7.016   1.8915  0.6237   4.270E-01  2.077E-01  3.002E-01
 0.700     9.267594     4394.  -0.863  4.670  0.640  -7.2950   7.016   1.8919  0.6237   4.270E-01  2.077E-01  3.002E-01
 0.700     9.274963     4394.  -0.862  4.670  0.640  -7.3344   7.016   1.8923  0.6237   4.270E-01  2.077E-01  3.001E-01
 0.700     9.282210     4395.  -0.862  4.670  0.640  -7.3737   7.016   1.8927  0.6237   4.271E-01  2.077E-01  3.001E-01
 0.700     9.289337     4395.  -0.862  4.670  0.640  -7.4134   7.016   1.8931  0.6237   4.271E-01  2.077E-01  3.001E-01
 0.700     9.296349     4395.  -0.861  4.670  0.640  -7.4535   7.016   1.8935  0.6237   4.272E-01  2.077E-01  3.000E-01
 0.700     9.303250     4396.  -0.861  4.670  0.640  -7.4921   7.016   1.8939  0.6237   4.272E-01  2.077E-01  3.000E-01
 0.700     9.310041     4396.  -0.861  4.670  0.641  -7.5317   7.016   1.8943  0.6237   4.272E-01  2.077E-01  2.999E-01
 0.700     9.316729     4396.  -0.861  4.669  0.641  -7.5719   7.016   1.8947  0.6237   4.273E-01  2.077E-01  2.999E-01
 0.700     9.323316     4397.  -0.860  4.669  0.641  -7.6108   7.016   1.8951  0.6237   4.273E-01  2.077E-01  2.999E-01
 0.700     9.329805     4397.  -0.860  4.669  0.641  -7.6498   7.016   1.8955  0.6237   4.274E-01  2.077E-01  2.998E-01
 0.700     9.336197     4397.  -0.860  4.669  0.641  -7.6904   7.016   1.8959  0.6237   4.274E-01  2.077E-01  2.998E-01
 0.700     9.342496     4398.  -0.860  4.669  0.641  -7.7282   7.017   1.8963  0.6237   4.274E-01  2.077E-01  2.997E-01
 0.700     9.348706     4398.  -0.859  4.669  0.641  -7.7670   7.017   1.8967  0.6237   4.275E-01  2.077E-01  2.997E-01
 0.700     9.354828     4398.  -0.859  4.669  0.641  -7.8069   7.017   1.8971  0.6237   4.275E-01  2.077E-01  2.997E-01
 0.700     9.360866     4399.  -0.859  4.668  0.641  -7.8477   7.017   1.8975  0.6237   4.275E-01  2.076E-01  2.996E-01
 0.700     9.366821     4399.  -0.859  4.668  0.641  -7.8861   7.017   1.8979  0.6237   4.276E-01  2.076E-01  2.996E-01
 0.700     9.372693     4399.  -0.858  4.668  0.641  -7.9245   7.017   1.8983  0.6237   4.276E-01  2.076E-01  2.995E-01
 0.700     9.378489     4400.  -0.858  4.668  0.642  -7.9666   7.017   1.8987  0.6237   4.276E-01  2.076E-01  2.995E-01
 0.700     9.384208     4400.  -0.858  4.668  0.642  -8.0044   7.017   1.8991  0.6237   4.277E-01  2.076E-01  2.994E-01
 0.700     9.389853     4400.  -0.858  4.668  0.642  -8.0438   7.017   1.8995  0.6237   4.277E-01  2.076E-01  2.994E-01
 0.700     9.395426     4401.  -0.857  4.668  0.642  -8.0830   7.017   1.8999  0.6237   4.277E-01  2.076E-01  2.994E-01
 0.700     9.400926     4401.  -0.857  4.668  0.642  -8.1226   7.017   1.9003  0.6237   4.278E-01  2.076E-01  2.993E-01
 0.700     9.406360     4401.  -0.857  4.668  0.642  -8.1618   7.017   1.9007  0.6237   4.278E-01  2.076E-01  2.993E-01
 0.700     9.411726     4402.  -0.857  4.667  0.642  -8.2013   7.017   1.9011  0.6237   4.278E-01  2.076E-01  2.992E-01
 0.700     9.417026     4402.  -0.856  4.667  0.642  -8.2403   7.018   1.9015  0.6237   4.279E-01  2.076E-01  2.992E-01
 0.700     9.422263     4402.  -0.856  4.667  0.642  -8.2798   7.018   1.9019  0.6237   4.279E-01  2.076E-01  2.992E-01
 0.700     9.427437     4403.  -0.856  4.667  0.642  -8.3188   7.018   1.9023  0.6237   4.279E-01  2.076E-01  2.991E-01
 0.700     9.432549     4403.  -0.856  4.667  0.642  -8.3585   7.018   1.9027  0.6237   4.280E-01  2.076E-01  2.991E-01
 0.700     9.437603     4403.  -0.855  4.667  0.643  -8.3979   7.018   1.9032  0.6237   4.280E-01  2.075E-01  2.990E-01
 0.700     9.442599     4404.  -0.855  4.667  0.643  -8.4365   7.018   1.9036  0.6237   4.280E-01  2.075E-01  2.990E-01
 0.700     9.447538     4404.  -0.855  4.667  0.643  -8.4763   7.018   1.9040  0.6237   4.280E-01  2.075E-01  2.989E-01
 0.700     9.452421     4405.  -0.854  4.666  0.643  -8.5157   7.018   1.9044  0.6237   4.281E-01  2.075E-01  2.989E-01
 0.700     9.457249     4405.  -0.854  4.666  0.643  -8.5544   7.018   1.9048  0.6237   4.281E-01  2.075E-01  2.989E-01
 0.700     9.462025     4405.  -0.854  4.666  0.643  -8.5935   7.018   1.9052  0.6237   4.281E-01  2.075E-01  2.988E-01
 0.700     9.466749     4406.  -0.854  4.666  0.643  -8.6326   7.018   1.9056  0.6237   4.282E-01  2.075E-01  2.988E-01
 0.700     9.471422     4406.  -0.853  4.666  0.643  -8.6716   7.018   1.9060  0.6237   4.282E-01  2.075E-01  2.987E-01
 0.700     9.476046     4406.  -0.853  4.666  0.643  -8.7122   7.018   1.9064  0.6237   4.282E-01  2.075E-01  2.987E-01
 0.700     9.480619     4407.  -0.853  4.666  0.643  -8.7496   7.019   1.9068  0.6237   4.283E-01  2.075E-01  2.986E-01
 0.700     9.485146     4407.  -0.853  4.666  0.643  -8.7905   7.019   1.9073  0.6237   4.283E-01  2.075E-01  2.986E-01
 0.700     9.489627     4407.  -0.852  4.666  0.643  -8.8297   7.019   1.9077  0.6237   4.283E-01  2.074E-01  2.985E-01
 0.700     9.494061     4408.  -0.852  4.665  0.644  -8.8665   7.019   1.9081  0.6237   4.283E-01  2.074E-01  2.985E-01
 0.700     9.498451     4408.  -0.852  4.665  0.644  -8.9066   7.019   1.9085  0.6237   4.284E-01  2.074E-01  2.985E-01
 0.700     9.502796     4408.  -0.852  4.665  0.644  -8.9469   7.019   1.9089  0.6237   4.284E-01  2.074E-01  2.984E-01
 0.700     9.507099     4409.  -0.851  4.665  0.644  -8.9830   7.019   1.9094  0.6237   4.284E-01  2.074E-01  2.984E-01
 0.700     9.511359     4409.  -0.851  4.665  0.644  -9.0232   7.019   1.9098  0.6237   4.284E-01  2.074E-01  2.983E-01
 0.700     9.515578     4410.  -0.851  4.665  0.644  -9.0620   7.019   1.9102  0.6237   4.285E-01  2.074E-01  2.983E-01
 0.700     9.519757     4410.  -0.851  4.665  0.644  -9.1007   7.019   1.9106  0.6237   4.285E-01  2.074E-01  2.983E-01
 0.700     9.523895     4410.  -0.850  4.665  0.644  -9.1391   7.019   1.9110  0.6237   4.285E-01  2.074E-01  2.982E-01
 0.700     9.527994     4411.  -0.850  4.665  0.644  -9.1772   7.019   1.9115  0.6237   4.286E-01  2.074E-01  2.982E-01
 0.700     9.532056     4411.  -0.850  4.664  0.644  -9.2154   7.019   1.9119  0.6237   4.286E-01  2.074E-01  2.981E-01
 0.700     9.536080     4411.  -0.850  4.664  0.644  -9.2541   7.020   1.9123  0.6237   4.286E-01  2.074E-01  2.981E-01
 0.700     9.540067     4412.  -0.849  4.664  0.644  -9.2916   7.020   1.9127  0.6237   4.286E-01  2.074E-01  2.980E-01
 0.700     9.544017     4412.  -0.849  4.664  0.645  -9.3298   7.020   1.9131  0.6237   4.287E-01  2.074E-01  2.980E-01
 0.700     9.547931     4413.  -0.849  4.664  0.645  -9.3675   7.020   1.9136  0.6237   4.287E-01  2.073E-01  2.979E-01
 0.700     9.551811     4413.  -0.849  4.664  0.645  -9.4056   7.020   1.9140  0.6237   4.287E-01  2.073E-01  2.979E-01
 0.700     9.555657     4413.  -0.848  4.664  0.645  -9.4425   7.020   1.9144  0.6237   4.287E-01  2.073E-01  2.979E-01
 0.700     9.559469     4414.  -0.848  4.664  0.645  -9.4802   7.020   1.9148  0.6237   4.288E-01  2.073E-01  2.978E-01
 0.700     9.563247     4414.  -0.848  4.664  0.645  -9.5171   7.020   1.9153  0.6237   4.288E-01  2.073E-01  2.978E-01
 0.700     9.566992     4414.  -0.848  4.663  0.645  -9.5528   7.020   1.9157  0.6237   4.288E-01  2.073E-01  2.977E-01
 0.700     9.570706     4415.  -0.847  4.663  0.645  -9.5901   7.020   1.9161  0.6237   4.288E-01  2.073E-01  2.977E-01
 0.700     9.574389     4415.  -0.847  4.663  0.645  -9.6253   7.020   1.9165  0.6237   4.289E-01  2.073E-01  2.977E-01
 0.700     9.578041     4416.  -0.847  4.663  0.645  -9.6615   7.021   1.9170  0.6237   4.289E-01  2.073E-01  2.976E-01
 0.700     9.581662     4416.  -0.847  4.663  0.645  -9.6968   7.021   1.9174  0.6237   4.289E-01  2.073E-01  2.976E-01
 0.700     9.585252     4416.  -0.846  4.663  0.645  -9.7328   7.021   1.9178  0.6237   4.289E-01  2.073E-01  2.975E-01
 0.700     9.588814     4417.  -0.846  4.663  0.646  -9.7670   7.021   1.9182  0.6237   4.290E-01  2.072E-01  2.975E-01
 0.700     9.592347     4417.  -0.846  4.663  0.646  -9.8013   7.021   1.9187  0.6237   4.290E-01  2.072E-01  2.974E-01
 0.700     9.595851     4417.  -0.846  4.663  0.646  -9.8356   7.021   1.9191  0.6237   4.290E-01  2.072E-01  2.974E-01
 0.700     9.599327     4418.  -0.845  4.662  0.646  -9.8665   7.021   1.9195  0.6237   4.290E-01  2.072E-01  2.973E-01
 0.700     9.602775     4418.  -0.845  4.662  0.646  -9.8996   7.021   1.9200  0.6237   4.291E-01  2.072E-01  2.973E-01
 0.700     9.606196     4419.  -0.845  4.662  0.646  -9.9318   7.021   1.9204  0.6237   4.291E-01  2.072E-01  2.973E-01
 0.700     9.609591     4419.  -0.845  4.662  0.646  -9.9626   7.021   1.9208  0.6237   4.291E-01  2.072E-01  2.972E-01
 0.700     9.612960     4419.  -0.844  4.662  0.646  -9.9957   7.021   1.9213  0.6237   4.291E-01  2.072E-01  2.972E-01
 0.700     9.616302     4420.  -0.844  4.662  0.646 -10.0255   7.021   1.9216  0.6237   4.292E-01  2.072E-01  2.971E-01
 0.700     9.619619     4420.  -0.844  4.662  0.646 -10.0550   7.022   1.9221  0.6237   4.292E-01  2.072E-01  2.971E-01
 0.700     9.622910     4420.  -0.843  4.662  0.646 -10.0841   7.022   1.9225  0.6237   4.292E-01  2.072E-01  2.970E-01
 0.700     9.626177     4421.  -0.843  4.662  0.646 -10.1118   7.022   1.9230  0.6237   4.292E-01  2.072E-01  2.970E-01
 0.700     9.629420     4421.  -0.843  4.661  0.647 -10.1391   7.022   1.9234  0.6237   4.293E-01  2.072E-01  2.969E-01
 0.700     9.632638     4422.  -0.843  4.661  0.647 -10.1656   7.022   1.9238  0.6237   4.293E-01  2.072E-01  2.969E-01
 0.700     9.635833     4422.  -0.842  4.661  0.647 -10.1911   7.022   1.9243  0.6237   4.293E-01  2.071E-01  2.969E-01
 0.700     9.639004     4422.  -0.842  4.661  0.647 -10.2161   7.022   1.9247  0.6237   4.293E-01  2.071E-01  2.968E-01
 0.700     9.642153     4423.  -0.842  4.661  0.647 -10.2396   7.022   1.9251  0.6237   4.294E-01  2.071E-01  2.968E-01
 0.700     9.645279     4423.  -0.842  4.661  0.647 -10.2628   7.022   1.9256  0.6237   4.294E-01  2.071E-01  2.967E-01
 0.700     9.648382     4423.  -0.841  4.661  0.647 -10.2848   7.022   1.9260  0.6237   4.294E-01  2.071E-01  2.967E-01
 0.700     9.651464     4424.  -0.841  4.661  0.647 -10.3054   7.022   1.9264  0.6237   4.294E-01  2.071E-01  2.966E-01
 0.700     9.654523     4424.  -0.841  4.661  0.647 -10.3251   7.023   1.9269  0.6237   4.294E-01  2.071E-01  2.966E-01
 0.700     9.657562     4424.  -0.841  4.661  0.647 -10.3449   7.023   1.9273  0.6237   4.295E-01  2.071E-01  2.965E-01
 0.700     9.660579     4425.  -0.840  4.660  0.647 -10.3625   7.023   1.9277  0.6237   4.295E-01  2.071E-01  2.965E-01
 0.700     9.663576     4425.  -0.840  4.660  0.647 -10.3799   7.023   1.9282  0.6237   4.295E-01  2.071E-01  2.965E-01
 0.700     9.666552     4426.  -0.840  4.660  0.647 -10.3969   7.023   1.9286  0.6237   4.295E-01  2.071E-01  2.964E-01
 0.700     9.669507     4426.  -0.840  4.660  0.648 -10.4123   7.023   1.9291  0.6237   4.296E-01  2.070E-01  2.964E-01
 0.700     9.672442     4426.  -0.839  4.660  0.648 -10.4260   7.023   1.9295  0.6237   4.296E-01  2.070E-01  2.963E-01
 0.700     9.675359     4427.  -0.839  4.660  0.648 -10.4401   7.023   1.9299  0.6237   4.296E-01  2.070E-01  2.963E-01
 0.700     9.678255     4427.  -0.839  4.660  0.648 -10.4535   7.023   1.9304  0.6237   4.296E-01  2.070E-01  2.962E-01
 0.700     9.681133     4428.  -0.839  4.660  0.648 -10.4647   7.023   1.9308  0.6237   4.297E-01  2.070E-01  2.962E-01
 0.700     9.683991     4428.  -0.838  4.660  0.648 -10.4763   7.024   1.9313  0.6237   4.297E-01  2.070E-01  2.962E-01
 0.700     9.686830     4428.  -0.838  4.659  0.648 -10.4868   7.024   1.9317  0.6237   4.297E-01  2.070E-01  2.961E-01
 0.700     9.689652     4429.  -0.838  4.659  0.648 -10.4962   7.024   1.9321  0.6237   4.297E-01  2.070E-01  2.961E-01
 0.700     9.692455     4429.  -0.838  4.659  0.648 -10.5058   7.024   1.9326  0.6237   4.297E-01  2.070E-01  2.960E-01
 0.700     9.695240     4429.  -0.837  4.659  0.648 -10.5143   7.024   1.9330  0.6237   4.298E-01  2.070E-01  2.960E-01
 0.700     9.698007     4430.  -0.837  4.659  0.648 -10.5214   7.024   1.9335  0.6237   4.298E-01  2.070E-01  2.959E-01
 0.700     9.700756     4430.  -0.837  4.659  0.648 -10.5287   7.024   1.9339  0.6237   4.298E-01  2.069E-01  2.959E-01
 0.700     9.703489     4431.  -0.837  4.659  0.649 -10.5346   7.024   1.9343  0.6237   4.298E-01  2.069E-01  2.958E-01
 0.700     9.706205     4431.  -0.836  4.659  0.649 -10.5406   7.024   1.9348  0.6237   4.299E-01  2.069E-01  2.958E-01
 0.700     9.708903     4431.  -0.836  4.659  0.649 -10.5467   7.024   1.9352  0.6237   4.299E-01  2.069E-01  2.958E-01
 0.700     9.711585     4432.  -0.836  4.658  0.649 -10.5513   7.024   1.9356  0.6237   4.299E-01  2.069E-01  2.957E-01
 0.700     9.714250     4432.  -0.836  4.658  0.649 -10.5575   7.024   1.9361  0.6237   4.299E-01  2.069E-01  2.957E-01
 0.700     9.716899     4432.  -0.835  4.658  0.649 -10.5607   7.025   1.9366  0.6237   4.300E-01  2.069E-01  2.956E-01
 0.700     9.719533     4433.  -0.835  4.658  0.649 -10.5654   7.025   1.9370  0.6237   4.300E-01  2.069E-01  2.956E-01
 0.700     9.722150     4433.  -0.835  4.658  0.649 -10.5686   7.025   1.9374  0.6237   4.300E-01  2.069E-01  2.955E-01
 0.700     9.724752     4434.  -0.834  4.658  0.649 -10.5719   7.025   1.9379  0.6237   4.300E-01  2.069E-01  2.955E-01
 0.700     9.727337     4434.  -0.834  4.658  0.649 -10.5751   7.025   1.9383  0.6237   4.300E-01  2.069E-01  2.954E-01
 0.700     9.729908     4434.  -0.834  4.658  0.649 -10.5784   7.025   1.9388  0.6237   4.301E-01  2.069E-01  2.954E-01
 0.700     9.732464     4435.  -0.834  4.658  0.649 -10.5800   7.025   1.9392  0.6237   4.301E-01  2.069E-01  2.953E-01
 0.700     9.735005     4435.  -0.833  4.657  0.650 -10.5817   7.025   1.9397  0.6237   4.301E-01  2.068E-01  2.953E-01
 0.700     9.740041     4436.  -0.833  4.657  0.650 -10.5935   7.026   1.9406  0.6268   4.343E-01  2.036E-01  2.975E-01
 0.700     9.749944     4437.  -0.832  4.657  0.650 -10.6144   7.026   1.9424  0.6268   4.344E-01  2.035E-01  2.973E-01
 0.700     9.759626     4439.  -0.831  4.656  0.650 -10.6308   7.026   1.9442  0.6268   4.344E-01  2.035E-01  2.971E-01
 0.700     9.769096     4441.  -0.830  4.656  0.651 -10.6421   7.027   1.9460  0.6268   4.345E-01  2.035E-01  2.969E-01
 0.700     9.780651     4442.  -0.829  4.655  0.651 -10.6536   7.027   1.9482  0.6268   4.347E-01  2.034E-01  2.967E-01
 0.700     9.789678     4444.  -0.827  4.655  0.651 -10.6596   7.027   1.9501  0.6268   4.347E-01  2.034E-01  2.965E-01
 0.700     9.800705     4446.  -0.826  4.654  0.652 -10.6655   7.028   1.9524  0.6268   4.349E-01  2.033E-01  2.963E-01
 0.700     9.809329     4448.  -0.825  4.654  0.652 -10.6696   7.028   1.9542  0.6268   4.349E-01  2.033E-01  2.961E-01
 0.700     9.819874     4450.  -0.824  4.653  0.653 -10.6716   7.029   1.9565  0.6268   4.351E-01  2.033E-01  2.959E-01
 0.700     9.830169     4452.  -0.822  4.653  0.653 -10.6737   7.029   1.9589  0.6268   4.352E-01  2.032E-01  2.956E-01
 0.700     9.840225     4453.  -0.821  4.652  0.653 -10.6737   7.030   1.9612  0.6268   4.353E-01  2.032E-01  2.954E-01
 0.700     9.850054     4455.  -0.820  4.652  0.654 -10.6737   7.030   1.9635  0.6268   4.354E-01  2.031E-01  2.952E-01
 0.700     9.859665     4457.  -0.818  4.651  0.654 -10.6716   7.031   1.9659  0.6268   4.355E-01  2.031E-01  2.949E-01
 0.700     9.869069     4459.  -0.817  4.651  0.655 -10.6716   7.031   1.9683  0.6268   4.356E-01  2.030E-01  2.947E-01
 0.700     9.880090     4462.  -0.816  4.650  0.655 -10.6696   7.032   1.9711  0.6268   4.358E-01  2.030E-01  2.944E-01
 0.700     9.889066     4464.  -0.814  4.649  0.656 -10.6696   7.033   1.9735  0.6268   4.359E-01  2.029E-01  2.942E-01
 0.700     9.899597     4466.  -0.813  4.649  0.656 -10.6676   7.033   1.9764  0.6268   4.360E-01  2.029E-01  2.939E-01
 0.700     9.909879     4469.  -0.811  4.648  0.657 -10.6655   7.034   1.9793  0.6268   4.362E-01  2.028E-01  2.936E-01
 0.700     9.919923     4471.  -0.809  4.647  0.657 -10.6635   7.035   1.9822  0.6268   4.363E-01  2.028E-01  2.933E-01
 0.700     9.929741     4473.  -0.808  4.647  0.658 -10.6615   7.035   1.9852  0.6268   4.364E-01  2.027E-01  2.930E-01
 0.700     9.939341     4476.  -0.806  4.646  0.658 -10.6596   7.036   1.9881  0.6268   4.366E-01  2.027E-01  2.927E-01
 0.700     9.950280     4479.  -0.804  4.645  0.659 -10.6576   7.037   1.9916  0.6268   4.367E-01  2.026E-01  2.924E-01
 0.700     9.959441     4481.  -0.803  4.645  0.659 -10.6556   7.037   1.9946  0.6268   4.369E-01  2.025E-01  2.921E-01
 0.700     9.969890     4484.  -0.801  4.644  0.660 -10.6536   7.038   1.9981  0.6268   4.371E-01  2.025E-01  2.917E-01
 0.700     9.980095     4487.  -0.799  4.643  0.661 -10.6517   7.039   2.0016  0.6268   4.372E-01  2.024E-01  2.914E-01
 0.700     9.990065     4490.  -0.797  4.642  0.661 -10.6498   7.040   2.0052  0.6268   4.374E-01  2.023E-01  2.910E-01
 0.700     9.999811     4493.  -0.795  4.641  0.662 -10.6478   7.040   2.0088  0.6268   4.376E-01  2.023E-01  2.907E-01