 M/Ms    log(t)(yr)  Teff     L/Ls    g   R/Rs Log(Li/Li0) log(Tc)  log(ROc)   Mrad     Rrad       k2conv      k2rad
 0.150     5.701659     3076.  -0.795  3.314  1.412   0.0000   5.947  -0.3249  0.0000   0.000E+00  4.407E-01  0.000E+00
 0.150     5.718693     3076.  -0.796  3.316  1.409   0.0000   5.948  -0.3228  0.0000   0.000E+00  4.407E-01  0.000E+00
 0.150     5.734696     3076.  -0.798  3.317  1.407   0.0000   5.948  -0.3206  0.0000   0.000E+00  4.408E-01  0.000E+00
 0.150     5.749764     3076.  -0.799  3.319  1.404   0.0000   5.949  -0.3185  0.0000   0.000E+00  4.408E-01  0.000E+00
 0.150     5.763983     3076.  -0.801  3.320  1.402   0.0000   5.950  -0.3164  0.0000   0.000E+00  4.409E-01  0.000E+00
 0.150     5.777427     3077.  -0.802  3.322  1.399   0.0000   5.950  -0.3143  0.0000   0.000E+00  4.409E-01  0.000E+00
 0.150     5.790160     3077.  -0.804  3.323  1.397   0.0000   5.951  -0.3122  0.0000   0.000E+00  4.410E-01  0.000E+00
 0.150     5.802240     3077.  -0.805  3.325  1.394   0.0000   5.952  -0.3101  0.0000   0.000E+00  4.410E-01  0.000E+00
 0.150     5.813718     3077.  -0.807  3.326  1.392   0.0000   5.952  -0.3079  0.0000   0.000E+00  4.411E-01  0.000E+00
 0.150     5.824639     3077.  -0.808  3.328  1.390   0.0000   5.953  -0.3059  0.0000   0.000E+00  4.411E-01  0.000E+00
 0.150     5.835044     3077.  -0.810  3.329  1.387   0.0000   5.954  -0.3038  0.0000   0.000E+00  4.411E-01  0.000E+00
 0.150     5.844970     3077.  -0.811  3.331  1.385   0.0000   5.955  -0.3017  0.0000   0.000E+00  4.412E-01  0.000E+00
 0.150     5.854449     3077.  -0.812  3.332  1.382   0.0000   5.955  -0.2996  0.0000   0.000E+00  4.412E-01  0.000E+00
 0.150     5.863511     3077.  -0.814  3.334  1.380   0.0000   5.956  -0.2975  0.0000   0.000E+00  4.413E-01  0.000E+00
 0.150     5.872184     3077.  -0.815  3.335  1.378   0.0000   5.957  -0.2954  0.0000   0.000E+00  4.413E-01  0.000E+00
 0.150     5.880492     3077.  -0.817  3.337  1.375   0.0000   5.957  -0.2934  0.0000   0.000E+00  4.414E-01  0.000E+00
 0.150     5.888458     3077.  -0.818  3.338  1.373   0.0000   5.958  -0.2913  0.0000   0.000E+00  4.414E-01  0.000E+00
 0.150     5.896101     3077.  -0.820  3.340  1.371   0.0000   5.958  -0.2893  0.0000   0.000E+00  4.415E-01  0.000E+00
 0.150     5.903442     3077.  -0.821  3.341  1.368   0.0000   5.959  -0.2872  0.0000   0.000E+00  4.415E-01  0.000E+00
 0.150     5.910498     3077.  -0.823  3.343  1.366   0.0000   5.960  -0.2852  0.0000   0.000E+00  4.416E-01  0.000E+00
 0.150     5.917285     3077.  -0.824  3.344  1.364   0.0000   5.960  -0.2832  0.0000   0.000E+00  4.416E-01  0.000E+00
 0.150     5.923817     3077.  -0.825  3.346  1.362   0.0000   5.961  -0.2811  0.0000   0.000E+00  4.417E-01  0.000E+00
 0.150     5.930109     3077.  -0.827  3.347  1.359   0.0000   5.962  -0.2791  0.0000   0.000E+00  4.417E-01  0.000E+00
 0.150     5.936172     3077.  -0.828  3.348  1.357   0.0000   5.962  -0.2771  0.0000   0.000E+00  4.417E-01  0.000E+00
 0.150     5.942020     3078.  -0.830  3.350  1.355   0.0000   5.963  -0.2751  0.0000   0.000E+00  4.418E-01  0.000E+00
 0.150     5.947663     3078.  -0.831  3.351  1.353   0.0000   5.964  -0.2731  0.0000   0.000E+00  4.418E-01  0.000E+00
 0.150     5.953110     3078.  -0.833  3.353  1.350   0.0000   5.964  -0.2711  0.0000   0.000E+00  4.419E-01  0.000E+00
 0.150     5.963460     3078.  -0.835  3.356  1.346   0.0000   5.966  -0.2672  0.0000   0.000E+00  4.420E-01  0.000E+00
 0.150     5.973137     3078.  -0.838  3.358  1.342   0.0000   5.967  -0.2632  0.0000   0.000E+00  4.421E-01  0.000E+00
 0.150     5.982203     3078.  -0.841  3.361  1.337   0.0000   5.968  -0.2594  0.0000   0.000E+00  4.421E-01  0.000E+00
 0.150     5.990713     3078.  -0.844  3.364  1.333   0.0000   5.969  -0.2555  0.0000   0.000E+00  4.422E-01  0.000E+00
 0.150     6.002538     3078.  -0.848  3.368  1.327   0.0000   5.971  -0.2498  0.0000   0.000E+00  4.424E-01  0.000E+00
 0.150     6.009850     3078.  -0.850  3.371  1.323   0.0000   5.972  -0.2461  0.0000   0.000E+00  4.424E-01  0.000E+00
 0.150     6.020063     3078.  -0.854  3.375  1.317   0.0000   5.974  -0.2405  0.0000   0.000E+00  4.426E-01  0.000E+00
 0.150     6.029457     3078.  -0.858  3.379  1.311   0.0000   5.976  -0.2350  0.0000   0.000E+00  4.427E-01  0.000E+00
 0.150     6.040859     3078.  -0.863  3.384  1.303   0.0000   5.978  -0.2279  0.0000   0.000E+00  4.428E-01  0.000E+00
 0.150     6.051149     3078.  -0.868  3.389  1.296   0.0000   5.980  -0.2209  0.0000   0.000E+00  4.430E-01  0.000E+00
 0.150     6.060471     3079.  -0.873  3.394  1.288   0.0000   5.982  -0.2141  0.0000   0.000E+00  4.431E-01  0.000E+00
 0.150     6.070965     3079.  -0.879  3.399  1.280   0.0000   5.985  -0.2059  0.0000   0.000E+00  4.433E-01  0.000E+00
 0.150     6.080345     3079.  -0.884  3.405  1.271   0.0000   5.987  -0.1980  0.0000   0.000E+00  4.435E-01  0.000E+00
 0.150     6.090371     3079.  -0.891  3.412  1.262   0.0000   5.990  -0.1888  0.0000   0.000E+00  4.437E-01  0.000E+00
 0.150     6.099266     3079.  -0.897  3.418  1.253   0.0000   5.993  -0.1801  0.0000   0.000E+00  4.439E-01  0.000E+00
 0.150     6.109676     3079.  -0.905  3.426  1.241   0.0000   5.997  -0.1690  0.0000   0.000E+00  4.441E-01  0.000E+00
 0.150     6.119787     3079.  -0.913  3.434  1.229   0.0000   6.000  -0.1574  0.0000   0.000E+00  4.444E-01  0.000E+00
 0.150     6.129455     3080.  -0.921  3.443  1.217   0.0000   6.004  -0.1455  0.0000   0.000E+00  4.446E-01  0.000E+00
 0.150     6.139360     3080.  -0.931  3.452  1.204   0.0000   6.008  -0.1324  0.0000   0.000E+00  4.449E-01  0.000E+00
 0.150     6.149139     3080.  -0.940  3.462  1.191   0.0000   6.012  -0.1187  0.0000   0.000E+00  4.451E-01  0.000E+00
 0.150     6.159107     3081.  -0.950  3.472  1.177   0.0000   6.017  -0.1041  0.0000   0.000E+00  4.454E-01  0.000E+00
 0.150     6.169339     3081.  -0.961  3.483  1.162   0.0000   6.022  -0.0885  0.0000   0.000E+00  4.457E-01  0.000E+00
 0.150     6.179046     3082.  -0.972  3.494  1.148   0.0000   6.027  -0.0734  0.0000   0.000E+00  4.460E-01  0.000E+00
 0.150     6.189120     3081.  -0.983  3.505  1.133   0.0000   6.031  -0.0577  0.0000   0.000E+00  4.463E-01  0.000E+00
 0.150     6.202104     3080.  -0.998  3.519  1.115   0.0000   6.038  -0.0376  0.0000   0.000E+00  4.467E-01  0.000E+00
 0.150     6.210725     3080.  -1.007  3.529  1.103   0.0000   6.042  -0.0246  0.0000   0.000E+00  4.470E-01  0.000E+00
 0.150     6.219537     3079.  -1.017  3.538  1.091   0.0000   6.046  -0.0114  0.0000   0.000E+00  4.472E-01  0.000E+00
 0.150     6.232902     3078.  -1.031  3.552  1.073   0.0000   6.052   0.0084  0.0000   0.000E+00  4.476E-01  0.000E+00
 0.150     6.241980     3078.  -1.041  3.561  1.062   0.0000   6.056   0.0216  0.0000   0.000E+00  4.478E-01  0.000E+00
 0.150     6.251161     3077.  -1.051  3.571  1.051   0.0000   6.060   0.0349  0.0000   0.000E+00  4.481E-01  0.000E+00
 0.150     6.260448     3077.  -1.060  3.580  1.039   0.0000   6.064   0.0482  0.0000   0.000E+00  4.483E-01  0.000E+00
 0.150     6.269842     3077.  -1.070  3.590  1.028   0.0000   6.069   0.0615  0.0000   0.000E+00  4.486E-01  0.000E+00
 0.150     6.279338     3077.  -1.079  3.599  1.017   0.0000   6.073   0.0748  0.0000   0.000E+00  4.488E-01  0.000E+00
 0.150     6.293778     3076.  -1.094  3.613  1.001   0.0000   6.079   0.0947  0.0000   0.000E+00  4.492E-01  0.000E+00
 0.150     6.303531     3076.  -1.103  3.622  0.990   0.0000   6.083   0.1081  0.0000   0.000E+00  4.495E-01  0.000E+00
 0.150     6.313386     3076.  -1.112  3.632  0.979   0.0000   6.087   0.1214  0.0000   0.000E+00  4.497E-01  0.000E+00
 0.150     6.323339     3076.  -1.122  3.641  0.969   0.0000   6.092   0.1347  0.0000   0.000E+00  4.500E-01  0.000E+00
 0.150     6.333393     3076.  -1.131  3.651  0.958   0.0000   6.096   0.1481  0.0000   0.000E+00  4.502E-01  0.000E+00
 0.150     6.343541     3077.  -1.140  3.660  0.948   0.0000   6.100   0.1615  0.0000   0.000E+00  4.505E-01  0.000E+00
 0.150     6.353782     3077.  -1.150  3.670  0.938   0.0000   6.104   0.1749  0.0000   0.000E+00  4.507E-01  0.000E+00
 0.150     6.364114     3078.  -1.159  3.679  0.927   0.0000   6.109   0.1883  0.0000   0.000E+00  4.510E-01  0.000E+00
 0.150     6.369312     3078.  -1.163  3.684  0.922   0.0000   6.111   0.1950  0.0000   0.000E+00  4.511E-01  0.000E+00
 0.150     6.379777     3078.  -1.173  3.693  0.912   0.0000   6.115   0.2085  0.0000   0.000E+00  4.513E-01  0.000E+00
 0.150     6.390326     3079.  -1.182  3.703  0.903   0.0000   6.119   0.2220  0.0000   0.000E+00  4.516E-01  0.000E+00
 0.150     6.400959     3080.  -1.191  3.712  0.893   0.0000   6.124   0.2355  0.0000   0.000E+00  4.518E-01  0.000E+00
 0.150     6.411670     3081.  -1.200  3.722  0.883   0.0000   6.128   0.2491  0.0000   0.000E+00  4.520E-01  0.000E+00
 0.150     6.422460     3082.  -1.209  3.731  0.873   0.0000   6.132   0.2627  0.0000   0.000E+00  4.522E-01  0.000E+00
 0.150     6.433314     3083.  -1.217  3.741  0.864   0.0000   6.137   0.2763  0.0000   0.000E+00  4.525E-01  0.000E+00
 0.150     6.444231     3084.  -1.226  3.750  0.855   0.0000   6.141   0.2899  0.0000   0.000E+00  4.527E-01  0.000E+00
 0.150     6.449713     3085.  -1.231  3.755  0.850   0.0000   6.143   0.2967  0.0000   0.000E+00  4.528E-01  0.000E+00
 0.150     6.460717     3086.  -1.239  3.764  0.841   0.0000   6.148   0.3104  0.0000   0.000E+00  4.530E-01  0.000E+00
 0.150     6.471777     3088.  -1.248  3.774  0.832   0.0000   6.152   0.3241  0.0000   0.000E+00  4.532E-01  0.000E+00
 0.150     6.482891     3089.  -1.257  3.783  0.822   0.0000   6.156   0.3377  0.0000   0.000E+00  4.534E-01  0.000E+00
 0.150     6.494054     3091.  -1.265  3.793  0.814   0.0000   6.161   0.3514  0.0000   0.000E+00  4.536E-01  0.000E+00
 0.150     6.499654     3092.  -1.269  3.798  0.809   0.0000   6.163   0.3583  0.0000   0.000E+00  4.537E-01  0.000E+00
 0.150     6.510889     3094.  -1.278  3.807  0.800   0.0000   6.167   0.3720  0.0000   0.000E+00  4.539E-01  0.000E+00
 0.150     6.522166     3096.  -1.286  3.817  0.792   0.0000   6.172   0.3857  0.0000   0.000E+00  4.541E-01  0.000E+00
 0.150     6.533484     3098.  -1.295  3.826  0.783   0.0000   6.176   0.3995  0.0000   0.000E+00  4.543E-01  0.000E+00
 0.150     6.539155     3099.  -1.299  3.831  0.779   0.0000   6.178   0.4063  0.0000   0.000E+00  4.544E-01  0.000E+00
 0.150     6.550526     3101.  -1.307  3.840  0.770   0.0000   6.183   0.4201  0.0000   0.000E+00  4.546E-01  0.000E+00
 0.150     6.561926     3103.  -1.315  3.850  0.762   0.0000   6.187   0.4339  0.0000   0.000E+00  4.547E-01  0.000E+00
 0.150     6.573357     3105.  -1.323  3.859  0.754   0.0000   6.192   0.4477  0.0000   0.000E+00  4.549E-01  0.000E+00
 0.150     6.579080     3107.  -1.327  3.864  0.750   0.0000   6.194   0.4546  0.0000   0.000E+00  4.550E-01  0.000E+00
 0.150     6.590546     3109.  -1.335  3.873  0.741   0.0000   6.198   0.4684  0.0000   0.000E+00  4.552E-01  0.000E+00
 0.150     6.602032     3112.  -1.344  3.883  0.733   0.0000   6.203   0.4822  0.0000   0.000E+00  4.553E-01  0.000E+00
 0.150     6.613536     3114.  -1.352  3.892  0.726   0.0000   6.207   0.4959  0.0000   0.000E+00  4.555E-01  0.000E+00
 0.150     6.619295     3116.  -1.356  3.897  0.722   0.0000   6.209   0.5028  0.0000   0.000E+00  4.556E-01  0.000E+00
 0.150     6.630821     3118.  -1.363  3.906  0.714   0.0000   6.214   0.5166  0.0000   0.000E+00  4.557E-01  0.000E+00
 0.150     6.642362     3121.  -1.371  3.916  0.706   0.0000   6.218   0.5304  0.0000   0.000E+00  4.559E-01  0.000E+00
 0.150     6.653914     3124.  -1.379  3.925  0.698   0.0000   6.223   0.5442  0.0000   0.000E+00  4.560E-01  0.000E+00
 0.150     6.659694     3125.  -1.383  3.930  0.695   0.0000   6.225   0.5511  0.0000   0.000E+00  4.561E-01  0.000E+00
 0.150     6.671260     3128.  -1.391  3.940  0.687   0.0000   6.229   0.5649  0.0000   0.000E+00  4.563E-01  0.000E+00
 0.150     6.682833     3131.  -1.399  3.949  0.680   0.0000   6.234   0.5787  0.0000   0.000E+00  4.564E-01  0.000E+00
 0.150     6.694417     3134.  -1.406  3.958  0.672   0.0000   6.238   0.5925  0.0000   0.000E+00  4.566E-01  0.000E+00
 0.150     6.700211     3136.  -1.410  3.963  0.669   0.0000   6.240   0.5994  0.0000   0.000E+00  4.566E-01  0.000E+00
 0.150     6.711805     3139.  -1.418  3.972  0.662   0.0000   6.245   0.6131  0.0000   0.000E+00  4.568E-01  0.000E+00
 0.150     6.723403     3143.  -1.425  3.982  0.655   0.0000   6.249   0.6269  0.0000   0.000E+00  4.569E-01  0.000E+00
 0.150     6.729206     3144.  -1.429  3.987  0.651   0.0000   6.251   0.6338  0.0000   0.000E+00  4.570E-01  0.000E+00
 0.150     6.740815     3148.  -1.437  3.996  0.644   0.0000   6.256   0.6476  0.0000   0.000E+00  4.571E-01  0.000E+00
 0.150     6.752428     3149.  -1.445  4.005  0.637   0.0000   6.260   0.6614  0.0000   0.000E+00  4.572E-01  0.000E+00
 0.150     6.764075     3150.  -1.454  4.015  0.630   0.0000   6.264   0.6751  0.0000   0.000E+00  4.574E-01  0.000E+00
 0.150     6.769917     3150.  -1.459  4.019  0.627   0.0000   6.267   0.6820  0.0000   0.000E+00  4.574E-01  0.000E+00
 0.150     6.781635     3151.  -1.468  4.029  0.620   0.0000   6.271   0.6958  0.0000   0.000E+00  4.576E-01  0.000E+00
 0.150     6.793399     3151.  -1.477  4.038  0.614   0.0000   6.276   0.7095  0.0000   0.000E+00  4.577E-01  0.000E+00
 0.150     6.799298     3151.  -1.481  4.043  0.610   0.0000   6.278   0.7164  0.0000   0.000E+00  4.577E-01  0.000E+00
 0.150     6.811131     3152.  -1.490  4.052  0.604   0.0000   6.282   0.7302  0.0000   0.000E+00  4.579E-01  0.000E+00
 0.150     6.823009     3152.  -1.499  4.061  0.597   0.0000   6.286   0.7440  0.0000   0.000E+00  4.580E-01  0.000E+00
 0.150     6.834933     3153.  -1.509  4.071  0.591   0.0000   6.291   0.7577  0.0000   0.000E+00  4.581E-01  0.000E+00
 0.150     6.840891     3153.  -1.513  4.075  0.588   0.0000   6.293   0.7646  0.0000   0.000E+00  4.582E-01  0.000E+00
 0.150     6.852883     3153.  -1.522  4.085  0.581   0.0000   6.297   0.7784  0.0000   0.000E+00  4.583E-01  0.000E+00
 0.150     6.864921     3154.  -1.531  4.094  0.575   0.0000   6.302   0.7922  0.0000   0.000E+00  4.584E-01  0.000E+00
 0.150     6.870957     3154.  -1.536  4.099  0.572   0.0000   6.304   0.7991  0.0000   0.000E+00  4.584E-01  0.000E+00
 0.150     6.883060     3154.  -1.545  4.108  0.566   0.0000   6.308   0.8129  0.0000   0.000E+00  4.585E-01  0.000E+00
 0.150     6.889127     3155.  -1.549  4.113  0.563   0.0000   6.311   0.8198  0.0000   0.000E+00  4.586E-01  0.000E+00
 0.150     6.901291     3155.  -1.559  4.122  0.557   0.0000   6.315   0.8336  0.0000   0.000E+00  4.587E-01  0.000E+00
 0.150     6.913490     3155.  -1.568  4.131  0.551   0.0000   6.319   0.8474  0.0000   0.000E+00  4.587E-01  0.000E+00
 0.150     6.919602     3156.  -1.572  4.136  0.548   0.0000   6.321   0.8543  0.0000   0.000E+00  4.588E-01  0.000E+00
 0.150     6.931849     3156.  -1.581  4.145  0.542   0.0000   6.326   0.8681  0.0000   0.000E+00  4.589E-01  0.000E+00
 0.150     6.944122     3157.  -1.590  4.155  0.536   0.0000   6.330   0.8819  0.0000   0.000E+00  4.590E-01  0.000E+00
 0.150     6.950268     3157.  -1.595  4.159  0.534   0.0000   6.332   0.8888  0.0000   0.000E+00  4.590E-01  0.000E+00
 0.150     6.962579     3157.  -1.604  4.169  0.528   0.0000   6.337   0.9026  0.0000   0.000E+00  4.591E-01  0.000E+00
 0.150     6.974909     3158.  -1.613  4.178  0.522   0.0000   6.341   0.9164  0.0000   0.000E+00  4.592E-01  0.000E+00
 0.150     6.981081     3158.  -1.617  4.182  0.520   0.0000   6.343   0.9233  0.0000   0.000E+00  4.592E-01  0.000E+00
 0.150     6.993438     3158.  -1.627  4.192  0.514   0.0000   6.347   0.9371  0.0000   0.000E+00  4.593E-01  0.000E+00
 0.150     6.999623     3158.  -1.631  4.196  0.511   0.0000   6.350   0.9440  0.0000   0.000E+00  4.594E-01  0.000E+00
 0.150     7.012002     3159.  -1.640  4.206  0.506   0.0000   6.354   0.9577  0.0000   0.000E+00  4.595E-01  0.000E+00
 0.150     7.024395     3160.  -1.649  4.215  0.500   0.0000   6.358   0.9715  0.0000   0.000E+00  4.596E-01  0.000E+00
 0.150     7.030596     3160.  -1.654  4.220  0.498   0.0000   6.360   0.9784  0.0000   0.000E+00  4.596E-01  0.000E+00
 0.150     7.043004     3160.  -1.662  4.229  0.493   0.0000   6.365   0.9921  0.0000   0.000E+00  4.597E-01  0.000E+00
 0.150     7.049214     3161.  -1.667  4.233  0.490   0.0000   6.367   0.9990  0.0000   0.000E+00  4.597E-01  0.000E+00
 0.150     7.061641     3161.  -1.676  4.243  0.485   0.0000   6.371   1.0128  0.0000   0.000E+00  4.598E-01  0.000E+00
 0.150     7.074081     3162.  -1.685  4.252  0.480   0.0000   6.375   1.0265  0.0000   0.000E+00  4.599E-01  0.000E+00
 0.150     7.080302     3162.  -1.689  4.256  0.477   0.0000   6.378   1.0334  0.0000   0.000E+00  4.599E-01  0.000E+00
 0.150     7.092759     3163.  -1.698  4.266  0.472   0.0000   6.382   1.0471  0.0000   0.000E+00  4.600E-01  0.000E+00
 0.150     7.098993     3163.  -1.702  4.270  0.470   0.0000   6.384   1.0540  0.0000   0.000E+00  4.600E-01  0.000E+00
 0.150     7.111471     3164.  -1.711  4.279  0.465   0.0000   6.388   1.0677  0.0000   0.000E+00  4.601E-01  0.000E+00
 0.150     7.123966     3164.  -1.720  4.289  0.460   0.0000   6.393   1.0814  0.0000   0.000E+00  4.602E-01  0.000E+00
 0.150     7.130224     3165.  -1.724  4.293  0.457   0.0000   6.395   1.0883  0.0000   0.000E+00  4.602E-01  0.000E+00
 0.150     7.142749     3166.  -1.733  4.302  0.452   0.0000   6.399   1.1020  0.0000   0.000E+00  4.603E-01  0.000E+00
 0.150     7.149019     3166.  -1.738  4.307  0.450  -0.0004   6.401   1.1089  0.0000   0.000E+00  4.603E-01  0.000E+00
 0.150     7.161581     3167.  -1.746  4.316  0.445  -0.0004   6.406   1.1227  0.0000   0.000E+00  4.604E-01  0.000E+00
 0.150     7.174170     3168.  -1.755  4.325  0.441  -0.0004   6.410   1.1365  0.0000   0.000E+00  4.604E-01  0.000E+00
 0.150     7.180473     3169.  -1.759  4.330  0.438  -0.0004   6.412   1.1434  0.0000   0.000E+00  4.605E-01  0.000E+00
 0.150     7.193100     3170.  -1.768  4.339  0.434  -0.0004   6.417   1.1573  0.0000   0.000E+00  4.605E-01  0.000E+00
 0.150     7.199423     3170.  -1.772  4.344  0.431  -0.0009   6.419   1.1642  0.0000   0.000E+00  4.605E-01  0.000E+00
 0.150     7.212092     3172.  -1.781  4.353  0.427  -0.0009   6.423   1.1781  0.0000   0.000E+00  4.606E-01  0.000E+00
 0.150     7.224787     3173.  -1.789  4.362  0.422  -0.0013   6.427   1.1920  0.0000   0.000E+00  4.606E-01  0.000E+00
 0.150     7.231143     3174.  -1.793  4.367  0.420  -0.0013   6.430   1.1990  0.0000   0.000E+00  4.607E-01  0.000E+00
 0.150     7.243876     3175.  -1.802  4.376  0.416  -0.0017   6.434   1.2129  0.0000   0.000E+00  4.607E-01  0.000E+00
 0.150     7.250252     3176.  -1.806  4.381  0.413  -0.0017   6.436   1.2199  0.0000   0.000E+00  4.607E-01  0.000E+00
 0.150     7.263016     3177.  -1.815  4.390  0.409  -0.0026   6.441   1.2339  0.0000   0.000E+00  4.607E-01  0.000E+00
 0.150     7.269408     3178.  -1.819  4.395  0.407  -0.0031   6.443   1.2408  0.0000   0.000E+00  4.607E-01  0.000E+00
 0.150     7.282203     3179.  -1.827  4.404  0.403  -0.0039   6.447   1.2548  0.0000   0.000E+00  4.608E-01  0.000E+00
 0.150     7.295015     3181.  -1.836  4.413  0.398  -0.0048   6.451   1.2688  0.0000   0.000E+00  4.608E-01  0.000E+00
 0.150     7.301425     3182.  -1.840  4.418  0.396  -0.0057   6.454   1.2758  0.0000   0.000E+00  4.608E-01  0.000E+00
 0.150     7.314251     3183.  -1.848  4.427  0.392  -0.0074   6.458   1.2899  0.0000   0.000E+00  4.608E-01  0.000E+00
 0.150     7.320665     3184.  -1.853  4.432  0.390  -0.0083   6.460   1.2969  0.0000   0.000E+00  4.608E-01  0.000E+00
 0.150     7.333490     3186.  -1.861  4.441  0.386  -0.0106   6.465   1.3109  0.0000   0.000E+00  4.609E-01  0.000E+00
 0.150     7.339902     3186.  -1.865  4.446  0.384  -0.0123   6.467   1.3179  0.0000   0.000E+00  4.609E-01  0.000E+00
 0.150     7.352619     3188.  -1.874  4.455  0.380  -0.0155   6.471   1.3318  0.0000   0.000E+00  4.609E-01  0.000E+00
 0.150     7.363189     3189.  -1.881  4.463  0.376  -0.0191   6.475   1.3433  0.0000   0.000E+00  4.609E-01  0.000E+00
 0.150     7.371865     3190.  -1.886  4.469  0.373  -0.0227   6.478   1.3528  0.0000   0.000E+00  4.609E-01  0.000E+00
 0.150     7.379238     3191.  -1.891  4.474  0.371  -0.0264   6.480   1.3609  0.0000   0.000E+00  4.609E-01  0.000E+00
 0.150     7.391337     3193.  -1.899  4.483  0.367  -0.0339   6.484   1.3741  0.0000   0.000E+00  4.609E-01  0.000E+00
 0.150     7.401070     3194.  -1.906  4.490  0.364  -0.0410   6.487   1.3847  0.0000   0.000E+00  4.610E-01  0.000E+00
 0.150     7.409224     3195.  -1.911  4.496  0.362  -0.0482   6.490   1.3936  0.0000   0.000E+00  4.610E-01  0.000E+00
 0.150     7.419425     3195.  -1.918  4.504  0.359  -0.0590   6.494   1.4048  0.0000   0.000E+00  4.610E-01  0.000E+00
 0.150     7.429214     3195.  -1.926  4.511  0.356  -0.0721   6.497   1.4154  0.0000   0.000E+00  4.610E-01  0.000E+00
 0.150     7.439563     3195.  -1.933  4.518  0.353  -0.0883   6.500   1.4267  0.0000   0.000E+00  4.610E-01  0.000E+00
 0.150     7.449063     3194.  -1.940  4.525  0.350  -0.1062   6.504   1.4369  0.0000   0.000E+00  4.610E-01  0.000E+00
 0.150     7.459285     3194.  -1.948  4.533  0.347  -0.1302   6.507   1.4480  0.0000   0.000E+00  4.610E-01  0.000E+00
 0.150     7.469041     3194.  -1.955  4.540  0.344  -0.1580   6.510   1.4585  0.0000   0.000E+00  4.611E-01  0.000E+00
 0.150     7.479270     3193.  -1.963  4.547  0.341  -0.1925   6.514   1.4695  0.0000   0.000E+00  4.611E-01  0.000E+00
 0.150     7.489083     3193.  -1.970  4.554  0.339  -0.2328   6.517   1.4800  0.0000   0.000E+00  4.611E-01  0.000E+00
 0.150     7.499092     3193.  -1.977  4.561  0.336  -0.2832   6.520   1.4908  0.0000   0.000E+00  4.611E-01  0.000E+00
 0.150     7.509237     3192.  -1.985  4.568  0.333  -0.3439   6.523   1.5016  0.0000   0.000E+00  4.611E-01  0.000E+00
 0.150     7.519199     3192.  -1.992  4.575  0.330  -0.4168   6.527   1.5122  0.0000   0.000E+00  4.611E-01  0.000E+00
 0.150     7.529000     3191.  -1.999  4.582  0.328  -0.5031   6.530   1.5226  0.0000   0.000E+00  4.611E-01  0.000E+00
 0.150     7.539126     3191.  -2.007  4.590  0.325  -0.6091   6.533   1.5333  0.0000   0.000E+00  4.611E-01  0.000E+00
 0.150     7.549050     3190.  -2.014  4.597  0.322  -0.7352   6.536   1.5438  0.0000   0.000E+00  4.612E-01  0.000E+00
 0.150     7.559071     3190.  -2.021  4.604  0.320  -0.8861   6.539   1.5543  0.0000   0.000E+00  4.612E-01  0.000E+00
 0.150     7.569003     3189.  -2.029  4.611  0.317  -1.0691   6.543   1.5647  0.0000   0.000E+00  4.612E-01  0.000E+00
 0.150     7.579046     3189.  -2.036  4.618  0.315  -1.2890   6.546   1.5753  0.0000   0.000E+00  4.612E-01  0.000E+00
 0.150     7.588981     3188.  -2.043  4.625  0.312  -1.5498   6.549   1.5856  0.0000   0.000E+00  4.612E-01  0.000E+00
 0.150     7.599013     3188.  -2.050  4.632  0.310  -1.8633   6.552   1.5961  0.0000   0.000E+00  4.612E-01  0.000E+00
 0.150     7.609010     3187.  -2.058  4.639  0.307  -2.2396   6.555   1.6065  0.0000   0.000E+00  4.612E-01  0.000E+00
 0.150     7.618994     3187.  -2.065  4.646  0.305  -2.6882   6.558   1.6169  0.0000   0.000E+00  4.612E-01  0.000E+00
 0.150     7.628974     3186.  -2.072  4.653  0.302  -3.2211   6.561   1.6272  0.0000   0.000E+00  4.612E-01  0.000E+00
 0.150     7.638980     3186.  -2.079  4.660  0.300  -3.8601   6.564   1.6375  0.0000   0.000E+00  4.612E-01  0.000E+00
 0.150     7.649647     3185.  -2.087  4.667  0.297  -4.3686   6.568   1.6485  0.0000   0.000E+00  4.612E-01  0.000E+00
 0.150     7.662465     3184.  -2.096  4.676  0.294  -4.6536   6.572   1.6616  0.0000   0.000E+00  4.613E-01  0.000E+00
 0.150     7.671659     3184.  -2.103  4.682  0.292  -4.8041   6.574   1.6710  0.0000   0.000E+00  4.613E-01  0.000E+00
 0.150     7.684290     3183.  -2.112  4.691  0.289  -4.9747   6.578   1.6838  0.0000   0.000E+00  4.613E-01  0.000E+00
 0.150     7.691020     3183.  -2.116  4.695  0.288  -5.0670   6.580   1.6907  0.0000   0.000E+00  4.613E-01  0.000E+00
 0.150     7.704510     3182.  -2.126  4.704  0.285  -5.2503   6.584   1.7043  0.0000   0.000E+00  4.613E-01  0.000E+00
 0.150     7.711268     3182.  -2.131  4.709  0.283  -5.3429   6.586   1.7111  0.0000   0.000E+00  4.613E-01  0.000E+00
 0.150     7.724809     3181.  -2.140  4.718  0.280  -5.5376   6.590   1.7248  0.0000   0.000E+00  4.613E-01  0.000E+00
 0.150     7.731592     3181.  -2.145  4.723  0.279  -5.6402   6.592   1.7316  0.0000   0.000E+00  4.613E-01  0.000E+00
 0.150     7.745186     3180.  -2.154  4.732  0.276  -5.8508   6.596   1.7452  0.0000   0.000E+00  4.613E-01  0.000E+00
 0.150     7.751997     3180.  -2.159  4.736  0.275  -5.9626   6.598   1.7520  0.0000   0.000E+00  4.613E-01  0.000E+00
 0.150     7.765644     3180.  -2.169  4.746  0.272  -6.1938   6.602   1.7657  0.0000   0.000E+00  4.614E-01  0.000E+00
 0.150     7.772479     3179.  -2.173  4.750  0.270  -6.3134   6.604   1.7725  0.0000   0.000E+00  4.614E-01  0.000E+00
 0.150     7.779320     3179.  -2.178  4.755  0.269  -6.4365   6.606   1.7793  0.0000   0.000E+00  4.614E-01  0.000E+00
 0.150     7.793023     3178.  -2.188  4.764  0.266  -6.6925   6.610   1.7930  0.0000   0.000E+00  4.614E-01  0.000E+00
 0.150     7.799884     3178.  -2.192  4.768  0.265  -6.8239   6.612   1.7998  0.0000   0.000E+00  4.614E-01  0.000E+00
 0.150     7.813626     3177.  -2.202  4.778  0.262  -7.0985   6.616   1.8134  0.0000   0.000E+00  4.614E-01  0.000E+00
 0.150     7.820508     3177.  -2.207  4.782  0.260  -7.2396   6.618   1.8202  0.0000   0.000E+00  4.614E-01  0.000E+00
 0.150     7.834290     3176.  -2.216  4.791  0.258  -7.5317   6.622   1.8338  0.0000   0.000E+00  4.614E-01  0.000E+00
 0.150     7.841192     3176.  -2.221  4.796  0.256  -7.6819   6.624   1.8406  0.0000   0.000E+00  4.615E-01  0.000E+00
 0.150     7.855019     3175.  -2.230  4.805  0.254  -7.9872   6.628   1.8542  0.0000   0.000E+00  4.615E-01  0.000E+00
 0.150     7.861945     3175.  -2.235  4.810  0.252  -8.1421   6.630   1.8610  0.0000   0.000E+00  4.615E-01  0.000E+00
 0.150     7.875820     3174.  -2.245  4.819  0.250  -8.4510   6.633   1.8745  0.0000   0.000E+00  4.615E-01  0.000E+00
 0.150     7.882772     3174.  -2.249  4.823  0.248  -8.6003   6.635   1.8813  0.0000   0.000E+00  4.615E-01  0.000E+00
 0.150     7.889732     3174.  -2.254  4.828  0.247  -8.7423   6.637   1.8881  0.0000   0.000E+00  4.615E-01  0.000E+00
 0.150     7.903685     3173.  -2.264  4.837  0.245  -8.9914   6.641   1.9017  0.0000   0.000E+00  4.615E-01  0.000E+00
 0.150     7.910678     3173.  -2.268  4.841  0.243  -9.0975   6.643   1.9084  0.0000   0.000E+00  4.616E-01  0.000E+00
 0.150     7.924698     3172.  -2.278  4.851  0.241  -9.2741   6.647   1.9220  0.0000   0.000E+00  4.616E-01  0.000E+00
 0.150     7.931727     3172.  -2.283  4.855  0.239  -9.3487   6.649   1.9288  0.0000   0.000E+00  4.616E-01  0.000E+00
 0.150     7.945827     3171.  -2.292  4.864  0.237  -9.4789   6.652   1.9423  0.0000   0.000E+00  4.616E-01  0.000E+00
 0.150     7.952899     3170.  -2.297  4.869  0.236  -9.5376   6.654   1.9491  0.0000   0.000E+00  4.616E-01  0.000E+00
 0.150     7.959987     3170.  -2.302  4.873  0.235  -9.5901   6.656   1.9559  0.0000   0.000E+00  4.616E-01  0.000E+00
 0.150     7.974213     3169.  -2.311  4.882  0.232  -9.6861   6.660   1.9694  0.0000   0.000E+00  4.617E-01  0.000E+00
 0.150     7.981353     3169.  -2.316  4.887  0.231  -9.7305   6.662   1.9762  0.0000   0.000E+00  4.617E-01  0.000E+00
 0.150     7.995691     3168.  -2.325  4.896  0.228  -9.8125   6.666   1.9897  0.0000   0.000E+00  4.617E-01  0.000E+00
 0.150     8.002891     3167.  -2.330  4.900  0.227  -9.8477   6.668   1.9965  0.0000   0.000E+00  4.617E-01  0.000E+00
 0.150     8.010109     3167.  -2.335  4.905  0.226  -9.8827   6.669   2.0032  0.0000   0.000E+00  4.617E-01  0.000E+00
 0.150     8.024625     3166.  -2.345  4.914  0.224  -9.9431   6.673   2.0167  0.0000   0.000E+00  4.617E-01  0.000E+00
 0.150     8.031760     3165.  -2.349  4.918  0.223  -9.9666   6.675   2.0233  0.0000   0.000E+00  4.617E-01  0.000E+00
 0.150     8.039081     3165.  -2.354  4.923  0.222  -9.9914   6.677   2.0301  0.0000   0.000E+00  4.617E-01  0.000E+00
 0.150     8.053816     3164.  -2.364  4.932  0.219 -10.0301   6.681   2.0436  0.0000   0.000E+00  4.618E-01  0.000E+00
 0.150     8.061226     3163.  -2.368  4.936  0.218 -10.0472   6.682   2.0503  0.0000   0.000E+00  4.618E-01  0.000E+00
 0.150     8.076160     3162.  -2.378  4.945  0.216 -10.0747   6.686   2.0638  0.0000   0.000E+00  4.618E-01  0.000E+00
 0.150     8.083685     3162.  -2.383  4.950  0.215 -10.0862   6.688   2.0705  0.0000   0.000E+00  4.618E-01  0.000E+00
 0.150     8.091252     3161.  -2.387  4.954  0.214 -10.0958   6.690   2.0773  0.0000   0.000E+00  4.618E-01  0.000E+00
 0.150     8.106517     3160.  -2.397  4.963  0.211 -10.1107   6.693   2.0907  0.0000   0.000E+00  4.618E-01  0.000E+00
 0.150     8.114227     3160.  -2.402  4.968  0.210 -10.1163   6.695   2.0975  0.0000   0.000E+00  4.618E-01  0.000E+00
 0.150     8.121993     3159.  -2.407  4.972  0.209 -10.1209   6.697   2.1042  0.0000   0.000E+00  4.618E-01  0.000E+00
 0.150     8.129816     3159.  -2.411  4.977  0.208 -10.1238   6.699   2.1109  0.0000   0.000E+00  4.619E-01  0.000E+00
 0.150     8.145659     3158.  -2.421  4.986  0.206 -10.1267   6.702   2.1243  0.0000   0.000E+00  4.619E-01  0.000E+00
 0.150     8.153687     3157.  -2.426  4.990  0.205 -10.1267   6.704   2.1311  0.0000   0.000E+00  4.619E-01  0.000E+00
 0.150     8.161796     3156.  -2.430  4.995  0.204 -10.1255   6.706   2.1378  0.0000   0.000E+00  4.619E-01  0.000E+00
 0.150     8.169989     3156.  -2.435  4.999  0.203 -10.1232   6.708   2.1445  0.0000   0.000E+00  4.619E-01  0.000E+00
 0.150     8.186654     3154.  -2.445  5.008  0.201 -10.1152   6.711   2.1579  0.0000   0.000E+00  4.619E-01  0.000E+00
 0.150     8.195144     3154.  -2.450  5.012  0.200 -10.1096   6.713   2.1645  0.0000   0.000E+00  4.619E-01  0.000E+00
 0.150     8.203751     3153.  -2.455  5.017  0.199 -10.1035   6.715   2.1712  0.0000   0.000E+00  4.619E-01  0.000E+00
 0.150     8.212481     3152.  -2.459  5.021  0.198 -10.0958   6.717   2.1779  0.0000   0.000E+00  4.619E-01  0.000E+00
 0.150     8.221349     3151.  -2.464  5.026  0.197 -10.0867   6.719   2.1846  0.0000   0.000E+00  4.619E-01  0.000E+00
 0.150     8.230365     3151.  -2.469  5.030  0.196 -10.0768   6.720   2.1913  0.0000   0.000E+00  4.619E-01  0.000E+00
 0.150     8.239540     3150.  -2.474  5.034  0.195 -10.0660   6.722   2.1979  0.0000   0.000E+00  4.619E-01  0.000E+00
 0.150     8.258436     3148.  -2.484  5.043  0.193 -10.0400   6.726   2.2112  0.0000   0.000E+00  4.619E-01  0.000E+00
 0.150     8.268192     3147.  -2.488  5.048  0.192 -10.0255   6.727   2.2178  0.0000   0.000E+00  4.619E-01  0.000E+00
 0.150     8.278179     3147.  -2.493  5.052  0.191 -10.0097   6.729   2.2244  0.0000   0.000E+00  4.619E-01  0.000E+00
 0.150     8.288424     3146.  -2.498  5.056  0.190  -9.9914   6.731   2.2310  0.0000   0.000E+00  4.619E-01  0.000E+00
 0.150     8.298879     3145.  -2.503  5.061  0.189  -9.9747   6.732   2.2376  0.0000   0.000E+00  4.619E-01  0.000E+00
 0.150     8.309724     3144.  -2.508  5.065  0.188  -9.9547   6.734   2.2441  0.0000   0.000E+00  4.619E-01  0.000E+00
 0.150     8.320925     3143.  -2.512  5.069  0.187  -9.9318   6.736   2.2507  0.0000   0.000E+00  4.619E-01  0.000E+00
 0.150     8.332531     3142.  -2.517  5.074  0.186  -9.9066   6.738   2.2572  0.0000   0.000E+00  4.619E-01  0.000E+00
 0.150     8.344599     3142.  -2.522  5.078  0.185  -9.8827   6.739   2.2636  0.0000   0.000E+00  4.619E-01  0.000E+00
 0.150     8.356661     3141.  -2.526  5.082  0.184  -9.8570   6.741   2.2698  0.0000   0.000E+00  4.619E-01  0.000E+00
 0.150     8.368573     3140.  -2.531  5.086  0.184  -9.8327   6.742   2.2756  0.0000   0.000E+00  4.619E-01  0.000E+00
 0.150     8.380331     3139.  -2.535  5.089  0.183  -9.8097   6.744   2.2811  0.0000   0.000E+00  4.619E-01  0.000E+00
 0.150     8.391931     3138.  -2.539  5.093  0.182  -9.7905   6.745   2.2862  0.0000   0.000E+00  4.619E-01  0.000E+00
 0.150     8.403371     3138.  -2.542  5.096  0.181  -9.7696   6.746   2.2909  0.0000   0.000E+00  4.619E-01  0.000E+00
 0.150     8.414646     3137.  -2.545  5.099  0.181  -9.7496   6.748   2.2954  0.0000   0.000E+00  4.619E-01  0.000E+00
 0.150     8.425754     3137.  -2.548  5.102  0.180  -9.7305   6.749   2.2995  0.0000   0.000E+00  4.619E-01  0.000E+00
 0.150     8.436694     3136.  -2.551  5.104  0.180  -9.7122   6.750   2.3033  0.0000   0.000E+00  4.619E-01  0.000E+00
 0.150     8.447465     3136.  -2.554  5.106  0.179  -9.6946   6.750   2.3069  0.0000   0.000E+00  4.619E-01  0.000E+00
 0.150     8.458066     3135.  -2.556  5.109  0.179  -9.6757   6.751   2.3101  0.0000   0.000E+00  4.619E-01  0.000E+00
 0.150     8.468497     3135.  -2.558  5.111  0.178  -9.6596   6.752   2.3131  0.0000   0.000E+00  4.619E-01  0.000E+00
 0.150     8.478757     3134.  -2.560  5.112  0.178  -9.6440   6.753   2.3159  0.0000   0.000E+00  4.619E-01  0.000E+00
 0.150     8.488850     3134.  -2.562  5.114  0.178  -9.6271   6.753   2.3184  0.0000   0.000E+00  4.619E-01  0.000E+00
 0.150     8.498772     3133.  -2.564  5.116  0.177  -9.6108   6.754   2.3208  0.0000   0.000E+00  4.619E-01  0.000E+00
 0.150     8.508530     3133.  -2.566  5.117  0.177  -9.5952   6.755   2.3229  0.0000   0.000E+00  4.619E-01  0.000E+00
 0.150     8.518123     3133.  -2.567  5.118  0.177  -9.5817   6.755   2.3249  0.0000   0.000E+00  4.619E-01  0.000E+00
 0.150     8.527553     3133.  -2.568  5.119  0.177  -9.5670   6.756   2.3266  0.0000   0.000E+00  4.619E-01  0.000E+00
 0.150     8.536822     3132.  -2.570  5.120  0.176  -9.5528   6.756   2.3283  0.0000   0.000E+00  4.619E-01  0.000E+00
 0.150     8.545934     3132.  -2.571  5.121  0.176  -9.5391   6.756   2.3297  0.0000   0.000E+00  4.619E-01  0.000E+00
 0.150     8.556622     3132.  -2.572  5.122  0.176  -9.5114   6.757   2.3313  0.0000   0.000E+00  4.619E-01  0.000E+00
 0.150     8.569109     3132.  -2.573  5.124  0.176  -9.4685   6.757   2.3330  0.0000   0.000E+00  4.619E-01  0.000E+00
 0.150     8.583635     3131.  -2.574  5.125  0.176  -9.4145   6.758   2.3347  0.0000   0.000E+00  4.619E-01  0.000E+00
 0.150     8.600449     3131.  -2.576  5.126  0.175  -9.3507   6.758   2.3363  0.0000   0.000E+00  4.619E-01  0.000E+00
 0.150     8.619802     3131.  -2.577  5.127  0.175  -9.2790   6.758   2.3379  0.0000   0.000E+00  4.619E-01  0.000E+00
 0.150     8.641941     3131.  -2.578  5.128  0.175  -9.2027   6.759   2.3393  0.0000   0.000E+00  4.619E-01  0.000E+00
 0.150     8.667100     3130.  -2.579  5.129  0.175  -9.1221   6.759   2.3406  0.0000   0.000E+00  4.619E-01  0.000E+00
 0.150     8.695484     3130.  -2.580  5.129  0.175  -9.0410   6.760   2.3416  0.0000   0.000E+00  4.619E-01  0.000E+00
 0.150     8.722380     3130.  -2.580  5.130  0.175  -8.9872   6.760   2.3423  0.0000   0.000E+00  4.619E-01  0.000E+00
 0.150     8.747706     3130.  -2.580  5.130  0.175  -8.9508   6.760   2.3428  0.0000   0.000E+00  4.619E-01  0.000E+00
 0.150     8.771637     3130.  -2.581  5.130  0.174  -8.9245   6.760   2.3431  0.0000   0.000E+00  4.619E-01  0.000E+00
 0.150     8.794317     3130.  -2.581  5.130  0.174  -8.9031   6.760   2.3434  0.0000   0.000E+00  4.619E-01  0.000E+00
 0.150     8.815872     3130.  -2.581  5.130  0.174  -8.8894   6.760   2.3435  0.0000   0.000E+00  4.619E-01  0.000E+00
 0.150     8.836407     3130.  -2.581  5.131  0.174  -8.8761   6.760   2.3436  0.0000   0.000E+00  4.619E-01  0.000E+00
 0.150     8.856015     3130.  -2.581  5.131  0.174  -8.8633   6.760   2.3437  0.0000   0.000E+00  4.619E-01  0.000E+00
 0.150     8.874776     3130.  -2.581  5.131  0.174  -8.8539   6.760   2.3437  0.0000   0.000E+00  4.619E-01  0.000E+00
 0.150     8.892759     3130.  -2.581  5.131  0.174  -8.8447   6.760   2.3438  0.0000   0.000E+00  4.619E-01  0.000E+00
 0.150     8.910028     3130.  -2.581  5.131  0.174  -8.8386   6.760   2.3438  0.0000   0.000E+00  4.619E-01  0.000E+00
 0.150     8.926637     3130.  -2.581  5.131  0.174  -8.8297   6.760   2.3438  0.0000   0.000E+00  4.619E-01  0.000E+00
 0.150     8.942633     3130.  -2.581  5.131  0.174  -8.8239   6.760   2.3438  0.0000   0.000E+00  4.619E-01  0.000E+00
 0.150     8.958061     3130.  -2.581  5.131  0.174  -8.8182   6.760   2.3438  0.0000   0.000E+00  4.619E-01  0.000E+00
 0.150     8.972960     3130.  -2.581  5.131  0.174  -8.8097   6.760   2.3438  0.0000   0.000E+00  4.619E-01  0.000E+00
 0.150     8.987364     3130.  -2.581  5.131  0.174  -8.8041   6.760   2.3438  0.0000   0.000E+00  4.619E-01  0.000E+00
 0.150     9.001305     3130.  -2.581  5.131  0.174  -8.7986   6.760   2.3438  0.0000   0.000E+00  4.619E-01  0.000E+00
 0.150     9.014814     3130.  -2.581  5.131  0.174  -8.7932   6.760   2.3438  0.0000   0.000E+00  4.619E-01  0.000E+00
 0.150     9.027916     3130.  -2.581  5.131  0.174  -8.7878   6.760   2.3438  0.0000   0.000E+00  4.619E-01  0.000E+00
 0.150     9.040634     3130.  -2.581  5.131  0.174  -8.7852   6.760   2.3438  0.0000   0.000E+00  4.619E-01  0.000E+00
 0.150     9.052986     3130.  -2.581  5.131  0.174  -8.7799   6.760   2.3438  0.0000   0.000E+00  4.619E-01  0.000E+00
 0.150     9.065001     3130.  -2.581  5.131  0.174  -8.7747   6.760   2.3438  0.0000   0.000E+00  4.619E-01  0.000E+00
 0.150     9.076691     3130.  -2.581  5.131  0.174  -8.7696   6.760   2.3438  0.0000   0.000E+00  4.619E-01  0.000E+00
 0.150     9.088076     3130.  -2.581  5.131  0.174  -8.7670   6.760   2.3438  0.0000   0.000E+00  4.619E-01  0.000E+00
 0.150     9.099169     3130.  -2.581  5.131  0.174  -8.7620   6.760   2.3438  0.0000   0.000E+00  4.619E-01  0.000E+00
 0.150     9.109983     3130.  -2.581  5.131  0.174  -8.7595   6.760   2.3438  0.0000   0.000E+00  4.619E-01  0.000E+00
 0.150     9.120538     3130.  -2.581  5.131  0.174  -8.7545   6.760   2.3438  0.0000   0.000E+00  4.619E-01  0.000E+00
 0.150     9.130842     3130.  -2.581  5.131  0.174  -8.7520   6.760   2.3438  0.0000   0.000E+00  4.619E-01  0.000E+00
 0.150     9.140907     3130.  -2.581  5.131  0.174  -8.7471   6.760   2.3438  0.0000   0.000E+00  4.619E-01  0.000E+00
 0.150     9.150744     3130.  -2.581  5.131  0.174  -8.7447   6.760   2.3437  0.0000   0.000E+00  4.619E-01  0.000E+00
 0.150     9.160363     3130.  -2.581  5.131  0.174  -8.7399   6.760   2.3437  0.0000   0.000E+00  4.619E-01  0.000E+00
 0.150     9.169771     3130.  -2.581  5.131  0.174  -8.7375   6.760   2.3437  0.0000   0.000E+00  4.619E-01  0.000E+00
 0.150     9.178983     3130.  -2.581  5.131  0.174  -8.7328   6.760   2.3437  0.0000   0.000E+00  4.619E-01  0.000E+00
 0.150     9.188003     3130.  -2.581  5.131  0.174  -8.7305   6.760   2.3437  0.0000   0.000E+00  4.619E-01  0.000E+00
 0.150     9.196839     3130.  -2.581  5.131  0.174  -8.7282   6.760   2.3437  0.0000   0.000E+00  4.619E-01  0.000E+00
 0.150     9.205499     3130.  -2.581  5.131  0.174  -8.7235   6.760   2.3437  0.0000   0.000E+00  4.619E-01  0.000E+00
 0.150     9.213988     3130.  -2.581  5.131  0.174  -8.7212   6.760   2.3437  0.0000   0.000E+00  4.619E-01  0.000E+00
 0.150     9.222316     3130.  -2.581  5.131  0.174  -8.7190   6.760   2.3437  0.0000   0.000E+00  4.619E-01  0.000E+00
 0.150     9.230487     3130.  -2.581  5.131  0.174  -8.7144   6.760   2.3437  0.0000   0.000E+00  4.619E-01  0.000E+00
 0.150     9.238508     3130.  -2.581  5.131  0.174  -8.7122   6.760   2.3437  0.0000   0.000E+00  4.619E-01  0.000E+00
 0.150     9.246383     3130.  -2.581  5.131  0.174  -8.7100   6.760   2.3437  0.0000   0.000E+00  4.619E-01  0.000E+00
 0.150     9.254115     3130.  -2.581  5.131  0.174  -8.7077   6.760   2.3437  0.0000   0.000E+00  4.619E-01  0.000E+00
 0.150     9.261715     3130.  -2.581  5.131  0.174  -8.7033   6.760   2.3437  0.0000   0.000E+00  4.619E-01  0.000E+00
 0.150     9.269184     3130.  -2.581  5.131  0.174  -8.7011   6.760   2.3437  0.0000   0.000E+00  4.619E-01  0.000E+00
 0.150     9.276526     3130.  -2.581  5.131  0.174  -8.6990   6.760   2.3437  0.0000   0.000E+00  4.619E-01  0.000E+00
 0.150     9.283747     3130.  -2.581  5.131  0.174  -8.6968   6.760   2.3437  0.0000   0.000E+00  4.619E-01  0.000E+00
 0.150     9.290847     3130.  -2.581  5.131  0.174  -8.6946   6.760   2.3436  0.0000   0.000E+00  4.619E-01  0.000E+00
 0.150     9.297835     3130.  -2.581  5.131  0.174  -8.6925   6.760   2.3436  0.0000   0.000E+00  4.619E-01  0.000E+00
 0.150     9.304712     3130.  -2.581  5.131  0.174  -8.6882   6.760   2.3436  0.0000   0.000E+00  4.619E-01  0.000E+00
 0.150     9.311483     3130.  -2.581  5.131  0.174  -8.6861   6.760   2.3436  0.0000   0.000E+00  4.619E-01  0.000E+00
 0.150     9.318149     3130.  -2.581  5.131  0.174  -8.6840   6.760   2.3436  0.0000   0.000E+00  4.619E-01  0.000E+00
 0.150     9.324714     3130.  -2.581  5.131  0.174  -8.6819   6.760   2.3436  0.0000   0.000E+00  4.619E-01  0.000E+00
 0.150     9.331180     3130.  -2.581  5.131  0.174  -8.6799   6.760   2.3436  0.0000   0.000E+00  4.619E-01  0.000E+00
 0.150     9.337553     3130.  -2.581  5.131  0.174  -8.6778   6.760   2.3436  0.0000   0.000E+00  4.619E-01  0.000E+00
 0.150     9.343834     3130.  -2.581  5.131  0.174  -8.6757   6.760   2.3436  0.0000   0.000E+00  4.619E-01  0.000E+00
 0.150     9.350025     3130.  -2.581  5.131  0.174  -8.6737   6.760   2.3436  0.0000   0.000E+00  4.619E-01  0.000E+00
 0.150     9.356129     3130.  -2.581  5.131  0.174  -8.6716   6.760   2.3436  0.0000   0.000E+00  4.619E-01  0.000E+00
 0.150     9.362147     3130.  -2.581  5.131  0.174  -8.6696   6.760   2.3436  0.0000   0.000E+00  4.619E-01  0.000E+00
 0.150     9.368084     3130.  -2.581  5.131  0.174  -8.6676   6.760   2.3436  0.0000   0.000E+00  4.619E-01  0.000E+00
 0.150     9.373941     3130.  -2.581  5.131  0.174  -8.6655   6.760   2.3436  0.0000   0.000E+00  4.619E-01  0.000E+00
 0.150     9.379721     3130.  -2.581  5.130  0.174  -8.6635   6.760   2.3436  0.0000   0.000E+00  4.619E-01  0.000E+00
 0.150     9.385424     3130.  -2.581  5.130  0.174  -8.6615   6.760   2.3435  0.0000   0.000E+00  4.619E-01  0.000E+00
 0.150     9.391052     3130.  -2.581  5.130  0.174  -8.6596   6.760   2.3435  0.0000   0.000E+00  4.619E-01  0.000E+00
 0.150     9.396609     3130.  -2.581  5.130  0.174  -8.6576   6.760   2.3435  0.0000   0.000E+00  4.619E-01  0.000E+00
 0.150     9.402096     3130.  -2.581  5.130  0.174  -8.6556   6.760   2.3435  0.0000   0.000E+00  4.619E-01  0.000E+00
 0.150     9.407515     3130.  -2.581  5.130  0.174  -8.6536   6.760   2.3435  0.0000   0.000E+00  4.619E-01  0.000E+00
 0.150     9.412867     3130.  -2.581  5.130  0.174  -8.6517   6.760   2.3435  0.0000   0.000E+00  4.619E-01  0.000E+00
 0.150     9.418152     3131.  -2.581  5.130  0.174  -8.6498   6.760   2.3435  0.0000   0.000E+00  4.619E-01  0.000E+00
 0.150     9.423375     3131.  -2.581  5.130  0.174  -8.6478   6.760   2.3435  0.0000   0.000E+00  4.619E-01  0.000E+00
 0.150     9.428536     3131.  -2.581  5.130  0.174  -8.6459   6.760   2.3435  0.0000   0.000E+00  4.619E-01  0.000E+00
 0.150     9.433637     3131.  -2.581  5.130  0.174  -8.6440   6.760   2.3435  0.0000   0.000E+00  4.619E-01  0.000E+00
 0.150     9.438678     3131.  -2.581  5.130  0.174  -8.6421   6.760   2.3435  0.0000   0.000E+00  4.619E-01  0.000E+00
 0.150     9.443660     3131.  -2.581  5.130  0.174  -8.6402   6.760   2.3435  0.0000   0.000E+00  4.619E-01  0.000E+00
 0.150     9.448587     3131.  -2.581  5.130  0.174  -8.6402   6.760   2.3435  0.0000   0.000E+00  4.619E-01  0.000E+00
 0.150     9.453459     3131.  -2.581  5.130  0.174  -8.6383   6.760   2.3435  0.0000   0.000E+00  4.619E-01  0.000E+00
 0.150     9.458277     3131.  -2.581  5.130  0.174  -8.6364   6.760   2.3434  0.0000   0.000E+00  4.619E-01  0.000E+00
 0.150     9.463041     3131.  -2.581  5.130  0.174  -8.6345   6.760   2.3434  0.0000   0.000E+00  4.619E-01  0.000E+00
 0.150     9.467755     3131.  -2.580  5.130  0.174  -8.6326   6.760   2.3434  0.0000   0.000E+00  4.619E-01  0.000E+00
 0.150     9.472416     3131.  -2.580  5.130  0.174  -8.6308   6.760   2.3434  0.0000   0.000E+00  4.619E-01  0.000E+00
 0.150     9.477029     3131.  -2.580  5.130  0.174  -8.6289   6.760   2.3434  0.0000   0.000E+00  4.619E-01  0.000E+00
 0.150     9.481593     3131.  -2.580  5.130  0.174  -8.6271   6.760   2.3434  0.0000   0.000E+00  4.619E-01  0.000E+00
 0.150     9.486110     3131.  -2.580  5.130  0.174  -8.6253   6.761   2.3434  0.0000   0.000E+00  4.619E-01  0.000E+00
 0.150     9.490581     3131.  -2.580  5.130  0.174  -8.6253   6.761   2.3434  0.0000   0.000E+00  4.619E-01  0.000E+00
 0.150     9.495004     3131.  -2.580  5.130  0.174  -8.6234   6.761   2.3434  0.0000   0.000E+00  4.619E-01  0.000E+00
 0.150     9.499385     3131.  -2.580  5.130  0.174  -8.6216   6.761   2.3434  0.0000   0.000E+00  4.619E-01  0.000E+00
 0.150     9.503721     3131.  -2.580  5.130  0.174  -8.6198   6.761   2.3434  0.0000   0.000E+00  4.619E-01  0.000E+00
 0.150     9.508015     3131.  -2.580  5.130  0.174  -8.6180   6.761   2.3434  0.0000   0.000E+00  4.619E-01  0.000E+00
 0.150     9.512267     3131.  -2.580  5.130  0.174  -8.6162   6.761   2.3434  0.0000   0.000E+00  4.619E-01  0.000E+00
 0.150     9.516476     3131.  -2.580  5.130  0.174  -8.6162   6.761   2.3433  0.0000   0.000E+00  4.619E-01  0.000E+00
 0.150     9.520646     3131.  -2.580  5.130  0.174  -8.6144   6.761   2.3433  0.0000   0.000E+00  4.619E-01  0.000E+00
 0.150     9.524776     3131.  -2.580  5.130  0.174  -8.6126   6.761   2.3433  0.0000   0.000E+00  4.619E-01  0.000E+00
 0.150     9.528868     3131.  -2.580  5.130  0.174  -8.6108   6.761   2.3433  0.0000   0.000E+00  4.619E-01  0.000E+00
 0.150     9.532921     3131.  -2.580  5.130  0.174  -8.6091   6.761   2.3433  0.0000   0.000E+00  4.619E-01  0.000E+00
 0.150     9.536936     3131.  -2.580  5.130  0.174  -8.6073   6.761   2.3433  0.0000   0.000E+00  4.619E-01  0.000E+00
 0.150     9.540915     3131.  -2.580  5.130  0.174  -8.6073   6.761   2.3433  0.0000   0.000E+00  4.619E-01  0.000E+00
 0.150     9.552638     3131.  -2.580  5.130  0.174  -8.6021   6.761   2.3433  0.0000   0.000E+00  4.619E-01  0.000E+00
 0.150     9.560280     3131.  -2.580  5.130  0.174  -8.6003   6.761   2.3433  0.0000   0.000E+00  4.619E-01  0.000E+00
 0.150     9.571498     3131.  -2.580  5.130  0.174  -8.5952   6.761   2.3432  0.0000   0.000E+00  4.619E-01  0.000E+00
 0.150     9.582433     3131.  -2.580  5.130  0.174  -8.5918   6.761   2.3432  0.0000   0.000E+00  4.619E-01  0.000E+00
 0.150     9.589573     3131.  -2.580  5.130  0.174  -8.5901   6.761   2.3432  0.0000   0.000E+00  4.619E-01  0.000E+00
 0.150     9.600067     3131.  -2.580  5.130  0.174  -8.5850   6.761   2.3432  0.0000   0.000E+00  4.619E-01  0.000E+00
 0.150     9.610315     3131.  -2.580  5.130  0.174  -8.5817   6.761   2.3431  0.0000   0.000E+00  4.619E-01  0.000E+00
 0.150     9.620326     3131.  -2.580  5.130  0.174  -8.5784   6.761   2.3431  0.0000   0.000E+00  4.619E-01  0.000E+00
 0.150     9.630111     3131.  -2.580  5.130  0.174  -8.5751   6.761   2.3431  0.0000   0.000E+00  4.619E-01  0.000E+00
 0.150     9.639681     3131.  -2.580  5.130  0.174  -8.5719   6.761   2.3430  0.0000   0.000E+00  4.619E-01  0.000E+00
 0.150     9.649044     3131.  -2.580  5.130  0.174  -8.5686   6.761   2.3430  0.0000   0.000E+00  4.619E-01  0.000E+00
 0.150     9.661223     3131.  -2.580  5.130  0.174  -8.5638   6.761   2.3430  0.0000   0.000E+00  4.619E-01  0.000E+00
 0.150     9.670137     3131.  -2.580  5.130  0.174  -8.5607   6.761   2.3430  0.0000   0.000E+00  4.619E-01  0.000E+00
 0.150     9.681746     3131.  -2.580  5.130  0.174  -8.5560   6.761   2.3429  0.0000   0.000E+00  4.619E-01  0.000E+00
 0.150     9.690254     3131.  -2.580  5.130  0.174  -8.5528   6.761   2.3429  0.0000   0.000E+00  4.619E-01  0.000E+00
 0.150     9.701343     3131.  -2.580  5.130  0.175  -8.5482   6.761   2.3428  0.0000   0.000E+00  4.619E-01  0.000E+00
 0.150     9.709479     3131.  -2.580  5.130  0.175  -8.5452   6.761   2.3428  0.0000   0.000E+00  4.619E-01  0.000E+00
 0.150     9.720095     3131.  -2.580  5.130  0.175  -8.5421   6.761   2.3428  0.0000   0.000E+00  4.619E-01  0.000E+00
 0.150     9.730457     3131.  -2.580  5.130  0.175  -8.5376   6.761   2.3427  0.0000   0.000E+00  4.619E-01  0.000E+00
 0.150     9.740577     3131.  -2.580  5.130  0.175  -8.5331   6.761   2.3427  0.0000   0.000E+00  4.619E-01  0.000E+00
 0.150     9.750468     3131.  -2.580  5.130  0.175  -8.5302   6.761   2.3426  0.0000   0.000E+00  4.619E-01  0.000E+00
 0.150     9.760138     3131.  -2.579  5.130  0.175  -8.5258   6.761   2.3426  0.0000   0.000E+00  4.619E-01  0.000E+00
 0.150     9.769597     3131.  -2.579  5.130  0.175  -8.5229   6.761   2.3425  0.0000   0.000E+00  4.619E-01  0.000E+00
 0.150     9.781139     3132.  -2.579  5.130  0.175  -8.5186   6.761   2.3425  0.0000   0.000E+00  4.619E-01  0.000E+00
 0.150     9.790156     3132.  -2.579  5.130  0.175  -8.5157   6.761   2.3424  0.0000   0.000E+00  4.619E-01  0.000E+00
 0.150     9.798990     3132.  -2.579  5.130  0.175  -8.5114   6.761   2.3424  0.0000   0.000E+00  4.619E-01  0.000E+00
 0.150     9.809786     3132.  -2.579  5.130  0.175  -8.5072   6.761   2.3423  0.0000   0.000E+00  4.619E-01  0.000E+00
 0.150     9.820320     3132.  -2.579  5.130  0.175  -8.5031   6.761   2.3422  0.0000   0.000E+00  4.619E-01  0.000E+00
 0.150     9.830604     3132.  -2.579  5.130  0.175  -8.4989   6.761   2.3422  0.0000   0.000E+00  4.619E-01  0.000E+00
 0.150     9.840651     3132.  -2.579  5.130  0.175  -8.4949   6.761   2.3421  0.0000   0.000E+00  4.619E-01  0.000E+00
 0.150     9.850470     3132.  -2.579  5.129  0.175  -8.4921   6.761   2.3420  0.0000   0.000E+00  4.619E-01  0.000E+00
 0.150     9.860073     3132.  -2.579  5.129  0.175  -8.4881   6.761   2.3420  0.0000   0.000E+00  4.619E-01  0.000E+00
 0.150     9.869467     3132.  -2.579  5.129  0.175  -8.4841   6.761   2.3419  0.0000   0.000E+00  4.619E-01  0.000E+00
 0.150     9.880478     3132.  -2.579  5.129  0.175  -8.4802   6.761   2.3418  0.0000   0.000E+00  4.619E-01  0.000E+00
 0.150     9.889446     3132.  -2.579  5.129  0.175  -8.4763   6.761   2.3417  0.0000   0.000E+00  4.619E-01  0.000E+00
 0.150     9.899968     3132.  -2.578  5.129  0.175  -8.4724   6.761   2.3417  0.0000   0.000E+00  4.619E-01  0.000E+00
 0.150     9.910242     3132.  -2.578  5.129  0.175  -8.4685   6.761   2.3416  0.0000   0.000E+00  4.619E-01  0.000E+00
 0.150     9.920278     3132.  -2.578  5.129  0.175  -8.4647   6.761   2.3415  0.0000   0.000E+00  4.619E-01  0.000E+00
 0.150     9.930087     3132.  -2.578  5.129  0.175  -8.4609   6.761   2.3414  0.0000   0.000E+00  4.619E-01  0.000E+00
 0.150     9.939680     3132.  -2.578  5.129  0.175  -8.4559   6.761   2.3413  0.0000   0.000E+00  4.619E-01  0.000E+00
 0.150     9.949065     3132.  -2.578  5.129  0.175  -8.4522   6.761   2.3412  0.0000   0.000E+00  4.619E-01  0.000E+00
 0.150     9.959764     3133.  -2.578  5.129  0.175  -8.4486   6.761   2.3411  0.0000   0.000E+00  4.619E-01  0.000E+00
 0.150     9.970206     3133.  -2.578  5.129  0.175  -8.4437   6.761   2.3410  0.0000   0.000E+00  4.619E-01  0.000E+00
 0.150     9.980403     3133.  -2.578  5.129  0.175  -8.4401   6.761   2.3408  0.0000   0.000E+00  4.619E-01  0.000E+00
 0.150     9.990366     3133.  -2.578  5.129  0.175  -8.4365   6.761   2.3407  0.0000   0.000E+00  4.619E-01  0.000E+00
 0.150    10.000104     3133.  -2.577  5.129  0.175  -8.4330   6.761   2.3406  0.0000   0.000E+00  4.619E-01  0.000E+00