 M/Ms    log(t)(yr)  Teff     L/Ls    g   R/Rs Log(Li/Li0) log(Tc)  log(ROc)   Mrad     Rrad       k2conv      k2rad
 0.090     5.689450     2861.  -1.127  3.299  1.113   0.0000   5.837  -0.2391  0.0000   0.000E+00  4.400E-01  0.000E+00
 0.090     5.704976     2864.  -1.135  3.308  1.101   0.0000   5.841  -0.2262  0.0000   0.000E+00  4.403E-01  0.000E+00
 0.090     5.712836     2865.  -1.139  3.313  1.095   0.0000   5.843  -0.2198  0.0000   0.000E+00  4.405E-01  0.000E+00
 0.090     5.720767     2866.  -1.143  3.318  1.089   0.0000   5.845  -0.2134  0.0000   0.000E+00  4.407E-01  0.000E+00
 0.090     5.736878     2869.  -1.151  3.327  1.077   0.0000   5.848  -0.2006  0.0000   0.000E+00  4.410E-01  0.000E+00
 0.090     5.745079     2870.  -1.155  3.332  1.072   0.0000   5.851  -0.1942  0.0000   0.000E+00  4.412E-01  0.000E+00
 0.090     5.753392     2871.  -1.158  3.336  1.066   0.0000   5.852  -0.1878  0.0000   0.000E+00  4.414E-01  0.000E+00
 0.090     5.761829     2873.  -1.162  3.341  1.060   0.0000   5.854  -0.1814  0.0000   0.000E+00  4.416E-01  0.000E+00
 0.090     5.770403     2874.  -1.166  3.346  1.054   0.0000   5.856  -0.1751  0.0000   0.000E+00  4.418E-01  0.000E+00
 0.090     5.779131     2876.  -1.170  3.350  1.049   0.0000   5.858  -0.1687  0.0000   0.000E+00  4.420E-01  0.000E+00
 0.090     5.797136     2879.  -1.177  3.360  1.038   0.0000   5.862  -0.1560  0.0000   0.000E+00  4.423E-01  0.000E+00
 0.090     5.806457     2881.  -1.181  3.364  1.032   0.0000   5.864  -0.1497  0.0000   0.000E+00  4.425E-01  0.000E+00
 0.090     5.816036     2882.  -1.184  3.369  1.027   0.0000   5.866  -0.1434  0.0000   0.000E+00  4.427E-01  0.000E+00
 0.090     5.825904     2884.  -1.188  3.374  1.021   0.0000   5.868  -0.1371  0.0000   0.000E+00  4.428E-01  0.000E+00
 0.090     5.836108     2886.  -1.191  3.378  1.016   0.0000   5.870  -0.1309  0.0000   0.000E+00  4.430E-01  0.000E+00
 0.090     5.846698     2888.  -1.195  3.383  1.011   0.0000   5.872  -0.1246  0.0000   0.000E+00  4.432E-01  0.000E+00
 0.090     5.857740     2890.  -1.198  3.387  1.005   0.0000   5.873  -0.1184  0.0000   0.000E+00  4.434E-01  0.000E+00
 0.090     5.869307     2891.  -1.202  3.392  1.000   0.0000   5.875  -0.1123  0.0000   0.000E+00  4.435E-01  0.000E+00
 0.090     5.880811     2893.  -1.205  3.396  0.995   0.0000   5.877  -0.1064  0.0000   0.000E+00  4.437E-01  0.000E+00
 0.090     5.892153     2895.  -1.208  3.400  0.991   0.0000   5.879  -0.1010  0.0000   0.000E+00  4.438E-01  0.000E+00
 0.090     5.903328     2897.  -1.210  3.403  0.987   0.0000   5.880  -0.0960  0.0000   0.000E+00  4.440E-01  0.000E+00
 0.090     5.914333     2898.  -1.213  3.407  0.983   0.0000   5.882  -0.0913  0.0000   0.000E+00  4.441E-01  0.000E+00
 0.090     5.925168     2900.  -1.215  3.410  0.979   0.0000   5.883  -0.0870  0.0000   0.000E+00  4.442E-01  0.000E+00
 0.090     5.935830     2901.  -1.217  3.413  0.976   0.0000   5.884  -0.0830  0.0000   0.000E+00  4.443E-01  0.000E+00
 0.090     5.946320     2902.  -1.219  3.415  0.973   0.0000   5.885  -0.0794  0.0000   0.000E+00  4.444E-01  0.000E+00
 0.090     5.956641     2903.  -1.221  3.418  0.970   0.0000   5.886  -0.0760  0.0000   0.000E+00  4.445E-01  0.000E+00
 0.090     5.966791     2904.  -1.223  3.420  0.968   0.0000   5.887  -0.0728  0.0000   0.000E+00  4.446E-01  0.000E+00
 0.090     5.976774     2905.  -1.224  3.422  0.965   0.0000   5.888  -0.0699  0.0000   0.000E+00  4.446E-01  0.000E+00
 0.090     5.986589     2906.  -1.225  3.424  0.963   0.0000   5.889  -0.0672  0.0000   0.000E+00  4.447E-01  0.000E+00
 0.090     5.996241     2907.  -1.227  3.426  0.961   0.0000   5.890  -0.0647  0.0000   0.000E+00  4.448E-01  0.000E+00
 0.090     6.007547     2908.  -1.228  3.428  0.959   0.0000   5.891  -0.0619  0.0000   0.000E+00  4.448E-01  0.000E+00
 0.090     6.020734     2909.  -1.230  3.430  0.957   0.0000   5.891  -0.0589  0.0000   0.000E+00  4.449E-01  0.000E+00
 0.090     6.036054     2910.  -1.232  3.433  0.954   0.0000   5.892  -0.0557  0.0000   0.000E+00  4.450E-01  0.000E+00
 0.090     6.053747     2911.  -1.233  3.435  0.951   0.0000   5.893  -0.0522  0.0000   0.000E+00  4.451E-01  0.000E+00
 0.090     6.072735     2912.  -1.235  3.438  0.949   0.0000   5.894  -0.0487  0.0000   0.000E+00  4.452E-01  0.000E+00
 0.090     6.090240     2913.  -1.237  3.440  0.946   0.0000   5.895  -0.0455  0.0000   0.000E+00  4.453E-01  0.000E+00
 0.090     6.106487     2914.  -1.238  3.442  0.944   0.0000   5.896  -0.0425  0.0000   0.000E+00  4.453E-01  0.000E+00
 0.090     6.121635     2915.  -1.240  3.444  0.942   0.0000   5.897  -0.0397  0.0000   0.000E+00  4.454E-01  0.000E+00
 0.090     6.135823     2916.  -1.241  3.446  0.939   0.0000   5.898  -0.0370  0.0000   0.000E+00  4.455E-01  0.000E+00
 0.090     6.149148     2917.  -1.243  3.448  0.937   0.0000   5.899  -0.0343  0.0000   0.000E+00  4.455E-01  0.000E+00
 0.090     6.161703     2918.  -1.244  3.450  0.935   0.0000   5.900  -0.0317  0.0000   0.000E+00  4.456E-01  0.000E+00
 0.090     6.173559     2919.  -1.245  3.452  0.933   0.0000   5.900  -0.0291  0.0000   0.000E+00  4.457E-01  0.000E+00
 0.090     6.184774     2920.  -1.246  3.454  0.931   0.0000   5.901  -0.0266  0.0000   0.000E+00  4.457E-01  0.000E+00
 0.090     6.195407     2921.  -1.248  3.455  0.929   0.0000   5.902  -0.0241  0.0000   0.000E+00  4.458E-01  0.000E+00
 0.090     6.205499     2922.  -1.249  3.457  0.928   0.0000   5.903  -0.0216  0.0000   0.000E+00  4.459E-01  0.000E+00
 0.090     6.215095     2923.  -1.250  3.459  0.926   0.0000   5.903  -0.0192  0.0000   0.000E+00  4.459E-01  0.000E+00
 0.090     6.224233     2924.  -1.251  3.461  0.924   0.0000   5.904  -0.0167  0.0000   0.000E+00  4.460E-01  0.000E+00
 0.090     6.232940     2925.  -1.253  3.462  0.922   0.0000   5.905  -0.0143  0.0000   0.000E+00  4.460E-01  0.000E+00
 0.090     6.241250     2925.  -1.254  3.464  0.920   0.0000   5.906  -0.0119  0.0000   0.000E+00  4.461E-01  0.000E+00
 0.090     6.249186     2926.  -1.255  3.466  0.918   0.0000   5.906  -0.0095  0.0000   0.000E+00  4.462E-01  0.000E+00
 0.090     6.256775     2927.  -1.256  3.468  0.916   0.0000   5.907  -0.0071  0.0000   0.000E+00  4.462E-01  0.000E+00
 0.090     6.264038     2928.  -1.257  3.469  0.915   0.0000   5.908  -0.0047  0.0000   0.000E+00  4.463E-01  0.000E+00
 0.090     6.270993     2929.  -1.259  3.471  0.913   0.0000   5.909  -0.0024  0.0000   0.000E+00  4.463E-01  0.000E+00
 0.090     6.277660     2930.  -1.260  3.473  0.911   0.0000   5.909   0.0000  0.0000   0.000E+00  4.464E-01  0.000E+00
 0.090     6.284056     2931.  -1.261  3.474  0.909   0.0000   5.910   0.0023  0.0000   0.000E+00  4.465E-01  0.000E+00
 0.090     6.290197     2932.  -1.262  3.476  0.908   0.0000   5.911   0.0047  0.0000   0.000E+00  4.465E-01  0.000E+00
 0.090     6.296095     2933.  -1.263  3.478  0.906   0.0000   5.912   0.0070  0.0000   0.000E+00  4.466E-01  0.000E+00
 0.090     6.301763     2934.  -1.264  3.479  0.904   0.0000   5.912   0.0093  0.0000   0.000E+00  4.466E-01  0.000E+00
 0.090     6.307218     2935.  -1.265  3.481  0.902   0.0000   5.913   0.0116  0.0000   0.000E+00  4.467E-01  0.000E+00
 0.090     6.312465     2935.  -1.266  3.483  0.901   0.0000   5.914   0.0139  0.0000   0.000E+00  4.467E-01  0.000E+00
 0.090     6.317518     2936.  -1.268  3.484  0.899   0.0000   5.914   0.0162  0.0000   0.000E+00  4.468E-01  0.000E+00
 0.090     6.322389     2937.  -1.269  3.486  0.897   0.0000   5.915   0.0185  0.0000   0.000E+00  4.468E-01  0.000E+00
 0.090     6.327083     2938.  -1.270  3.488  0.895   0.0000   5.916   0.0207  0.0000   0.000E+00  4.469E-01  0.000E+00
 0.090     6.331609     2939.  -1.271  3.489  0.894   0.0000   5.916   0.0230  0.0000   0.000E+00  4.470E-01  0.000E+00
 0.090     6.335977     2940.  -1.272  3.491  0.892   0.0000   5.917   0.0252  0.0000   0.000E+00  4.470E-01  0.000E+00
 0.090     6.340196     2941.  -1.273  3.493  0.891   0.0000   5.918   0.0275  0.0000   0.000E+00  4.471E-01  0.000E+00
 0.090     6.352011     2944.  -1.276  3.497  0.886   0.0000   5.920   0.0341  0.0000   0.000E+00  4.472E-01  0.000E+00
 0.090     6.359253     2945.  -1.278  3.500  0.882   0.0000   5.921   0.0385  0.0000   0.000E+00  4.473E-01  0.000E+00
 0.090     6.369270     2946.  -1.283  3.505  0.878   0.0000   5.923   0.0449  0.0000   0.000E+00  4.475E-01  0.000E+00
 0.090     6.381250     2946.  -1.288  3.511  0.872   0.0000   5.926   0.0533  0.0000   0.000E+00  4.477E-01  0.000E+00
 0.090     6.389343     2947.  -1.292  3.515  0.867   0.0000   5.928   0.0594  0.0000   0.000E+00  4.478E-01  0.000E+00
 0.090     6.399111     2948.  -1.298  3.521  0.862   0.0000   5.930   0.0673  0.0000   0.000E+00  4.480E-01  0.000E+00
 0.090     6.409911     2948.  -1.304  3.528  0.855   0.0000   5.933   0.0769  0.0000   0.000E+00  4.482E-01  0.000E+00
 0.090     6.419397     2949.  -1.310  3.535  0.848   0.0000   5.936   0.0862  0.0000   0.000E+00  4.485E-01  0.000E+00
 0.090     6.429344     2950.  -1.318  3.542  0.841   0.0000   5.939   0.0969  0.0000   0.000E+00  4.487E-01  0.000E+00
 0.090     6.439333     2951.  -1.326  3.551  0.833   0.0000   5.943   0.1088  0.0000   0.000E+00  4.490E-01  0.000E+00
 0.090     6.449049     2952.  -1.334  3.560  0.824   0.0000   5.947   0.1216  0.0000   0.000E+00  4.493E-01  0.000E+00
 0.090     6.459213     2953.  -1.344  3.571  0.814   0.0000   5.952   0.1364  0.0000   0.000E+00  4.496E-01  0.000E+00
 0.090     6.469227     2954.  -1.355  3.582  0.803   0.0000   5.957   0.1527  0.0000   0.000E+00  4.500E-01  0.000E+00
 0.090     6.479326     2956.  -1.367  3.595  0.791   0.0000   5.963   0.1707  0.0000   0.000E+00  4.504E-01  0.000E+00
 0.090     6.488978     2958.  -1.379  3.608  0.779   0.0000   5.968   0.1894  0.0000   0.000E+00  4.509E-01  0.000E+00
 0.090     6.499072     2959.  -1.393  3.623  0.766   0.0000   5.975   0.2102  0.0000   0.000E+00  4.513E-01  0.000E+00
 0.090     6.509138     2961.  -1.407  3.639  0.753   0.0000   5.982   0.2318  0.0000   0.000E+00  4.518E-01  0.000E+00
 0.090     6.519363     2963.  -1.422  3.654  0.739   0.0000   5.989   0.2541  0.0000   0.000E+00  4.523E-01  0.000E+00
 0.090     6.530922     2965.  -1.438  3.672  0.724   0.0000   5.997   0.2787  0.0000   0.000E+00  4.529E-01  0.000E+00
 0.090     6.540503     2967.  -1.451  3.686  0.713   0.0000   6.003   0.2987  0.0000   0.000E+00  4.533E-01  0.000E+00
 0.090     6.550275     2968.  -1.464  3.700  0.701   0.0000   6.009   0.3188  0.0000   0.000E+00  4.537E-01  0.000E+00
 0.090     6.560243     2970.  -1.478  3.714  0.690   0.0000   6.016   0.3388  0.0000   0.000E+00  4.541E-01  0.000E+00
 0.090     6.570418     2971.  -1.491  3.728  0.679   0.0000   6.022   0.3589  0.0000   0.000E+00  4.545E-01  0.000E+00
 0.090     6.580805     2973.  -1.504  3.742  0.668   0.0000   6.028   0.3790  0.0000   0.000E+00  4.549E-01  0.000E+00
 0.090     6.591410     2975.  -1.517  3.756  0.657   0.0000   6.035   0.3991  0.0000   0.000E+00  4.553E-01  0.000E+00
 0.090     6.602229     2976.  -1.530  3.770  0.647   0.0000   6.041   0.4193  0.0000   0.000E+00  4.556E-01  0.000E+00
 0.090     6.609493     2977.  -1.539  3.779  0.640   0.0000   6.045   0.4327  0.0000   0.000E+00  4.559E-01  0.000E+00
 0.090     6.620662     2979.  -1.552  3.793  0.630   0.0000   6.052   0.4529  0.0000   0.000E+00  4.562E-01  0.000E+00
 0.090     6.632033     2981.  -1.565  3.808  0.620   0.0000   6.058   0.4731  0.0000   0.000E+00  4.565E-01  0.000E+00
 0.090     6.639723     2982.  -1.573  3.817  0.613   0.0000   6.062   0.4866  0.0000   0.000E+00  4.567E-01  0.000E+00
 0.090     6.651419     2984.  -1.586  3.831  0.603   0.0000   6.069   0.5067  0.0000   0.000E+00  4.571E-01  0.000E+00
 0.090     6.659319     2985.  -1.595  3.840  0.597   0.0000   6.073   0.5202  0.0000   0.000E+00  4.573E-01  0.000E+00
 0.090     6.671320     2987.  -1.608  3.854  0.587   0.0000   6.079   0.5403  0.0000   0.000E+00  4.576E-01  0.000E+00
 0.090     6.679418     2988.  -1.616  3.863  0.581   0.0000   6.083   0.5537  0.0000   0.000E+00  4.578E-01  0.000E+00
 0.090     6.691709     2990.  -1.629  3.877  0.572   0.0000   6.090   0.5738  0.0000   0.000E+00  4.581E-01  0.000E+00
 0.090     6.699997     2992.  -1.637  3.887  0.566   0.0000   6.094   0.5871  0.0000   0.000E+00  4.583E-01  0.000E+00
 0.090     6.712570     2994.  -1.650  3.900  0.557   0.0000   6.100   0.6072  0.0000   0.000E+00  4.586E-01  0.000E+00
 0.090     6.721044     2995.  -1.658  3.910  0.551   0.0000   6.104   0.6205  0.0000   0.000E+00  4.588E-01  0.000E+00
 0.090     6.729592     2997.  -1.667  3.919  0.545   0.0000   6.109   0.6339  0.0000   0.000E+00  4.590E-01  0.000E+00
 0.090     6.742552     2999.  -1.679  3.933  0.536   0.0000   6.115   0.6539  0.0000   0.000E+00  4.593E-01  0.000E+00
 0.090     6.751287     3001.  -1.688  3.942  0.531   0.0000   6.119   0.6672  0.0000   0.000E+00  4.595E-01  0.000E+00
 0.090     6.760098     3002.  -1.696  3.951  0.525   0.0000   6.123   0.6806  0.0000   0.000E+00  4.597E-01  0.000E+00
 0.090     6.768989     3004.  -1.704  3.960  0.520   0.0000   6.128   0.6939  0.0000   0.000E+00  4.599E-01  0.000E+00
 0.090     6.782448     3006.  -1.717  3.974  0.511   0.0000   6.134   0.7140  0.0000   0.000E+00  4.602E-01  0.000E+00
 0.090     6.791543     3008.  -1.725  3.983  0.506   0.0000   6.138   0.7274  0.0000   0.000E+00  4.603E-01  0.000E+00
 0.090     6.800721     3010.  -1.733  3.993  0.501   0.0000   6.142   0.7408  0.0000   0.000E+00  4.605E-01  0.000E+00
 0.090     6.809979     3012.  -1.741  4.002  0.495   0.0000   6.146   0.7542  0.0000   0.000E+00  4.607E-01  0.000E+00
 0.090     6.819327     3012.  -1.750  4.011  0.490   0.0000   6.150   0.7677  0.0000   0.000E+00  4.608E-01  0.000E+00
 0.090     6.833535     3013.  -1.763  4.025  0.482   0.0000   6.157   0.7879  0.0000   0.000E+00  4.611E-01  0.000E+00
 0.090     6.843131     3013.  -1.772  4.034  0.477   0.0000   6.161   0.8015  0.0000   0.000E+00  4.612E-01  0.000E+00
 0.090     6.852826     3014.  -1.781  4.043  0.472   0.0000   6.165   0.8150  0.0000   0.000E+00  4.614E-01  0.000E+00
 0.090     6.862616     3015.  -1.790  4.053  0.467   0.0000   6.169   0.8286  0.0000   0.000E+00  4.615E-01  0.000E+00
 0.090     6.872500     3015.  -1.799  4.062  0.462   0.0000   6.173   0.8423  0.0000   0.000E+00  4.617E-01  0.000E+00
 0.090     6.882475     3016.  -1.808  4.071  0.457   0.0000   6.178   0.8559  0.0000   0.000E+00  4.618E-01  0.000E+00
 0.090     6.892537     3016.  -1.817  4.081  0.453   0.0000   6.182   0.8696  0.0000   0.000E+00  4.619E-01  0.000E+00
 0.090     6.902682     3017.  -1.826  4.090  0.448   0.0000   6.186   0.8833  0.0000   0.000E+00  4.621E-01  0.000E+00
 0.090     6.912907     3017.  -1.835  4.099  0.443   0.0000   6.190   0.8970  0.0000   0.000E+00  4.622E-01  0.000E+00
 0.090     6.923206     3018.  -1.844  4.108  0.438   0.0000   6.194   0.9107  0.0000   0.000E+00  4.623E-01  0.000E+00
 0.090     6.933573     3018.  -1.853  4.118  0.434   0.0000   6.199   0.9244  0.0000   0.000E+00  4.624E-01  0.000E+00
 0.090     6.944005     3019.  -1.862  4.127  0.429   0.0000   6.203   0.9381  0.0000   0.000E+00  4.625E-01  0.000E+00
 0.090     6.949246     3019.  -1.866  4.132  0.427   0.0000   6.205   0.9450  0.0000   0.000E+00  4.626E-01  0.000E+00
 0.090     6.959774     3020.  -1.875  4.141  0.422   0.0000   6.209   0.9587  0.0000   0.000E+00  4.627E-01  0.000E+00
 0.090     6.970363     3020.  -1.884  4.150  0.418   0.0000   6.213   0.9724  0.0000   0.000E+00  4.628E-01  0.000E+00
 0.090     6.981010     3020.  -1.894  4.159  0.413   0.0000   6.217   0.9861  0.0000   0.000E+00  4.629E-01  0.000E+00
 0.090     6.991710     3021.  -1.903  4.169  0.409   0.0000   6.221   0.9999  0.0000   0.000E+00  4.631E-01  0.000E+00
 0.090     7.002464     3021.  -1.912  4.178  0.405   0.0000   6.226   1.0136  0.0000   0.000E+00  4.632E-01  0.000E+00
 0.090     7.013259     3021.  -1.921  4.187  0.400   0.0000   6.230   1.0273  0.0000   0.000E+00  4.633E-01  0.000E+00
 0.090     7.024116     3022.  -1.930  4.196  0.396   0.0000   6.234   1.0410  0.0000   0.000E+00  4.634E-01  0.000E+00
 0.090     7.029562     3022.  -1.934  4.201  0.394   0.0000   6.236   1.0478  0.0000   0.000E+00  4.634E-01  0.000E+00
 0.090     7.040499     3022.  -1.943  4.210  0.390   0.0000   6.240   1.0615  0.0000   0.000E+00  4.635E-01  0.000E+00
 0.090     7.051484     3022.  -1.953  4.219  0.386   0.0000   6.244   1.0752  0.0000   0.000E+00  4.636E-01  0.000E+00
 0.090     7.062526     3022.  -1.962  4.228  0.382   0.0000   6.248   1.0889  0.0000   0.000E+00  4.637E-01  0.000E+00
 0.090     7.073623     3022.  -1.971  4.238  0.378   0.0000   6.253   1.1026  0.0000   0.000E+00  4.638E-01  0.000E+00
 0.090     7.079192     3022.  -1.975  4.242  0.376   0.0000   6.255   1.1094  0.0000   0.000E+00  4.638E-01  0.000E+00
 0.090     7.090367     3022.  -1.984  4.251  0.372   0.0000   6.259   1.1231  0.0000   0.000E+00  4.639E-01  0.000E+00
 0.090     7.101592     3023.  -1.994  4.261  0.368   0.0000   6.263   1.1368  0.0000   0.000E+00  4.640E-01  0.000E+00
 0.090     7.112873     3023.  -2.003  4.270  0.364   0.0000   6.267   1.1506  0.0000   0.000E+00  4.641E-01  0.000E+00
 0.090     7.124204     3023.  -2.012  4.279  0.360   0.0000   6.271   1.1643  0.0000   0.000E+00  4.642E-01  0.000E+00
 0.090     7.129893     3023.  -2.016  4.283  0.358   0.0000   6.273   1.1712  0.0000   0.000E+00  4.642E-01  0.000E+00
 0.090     7.141309     3023.  -2.025  4.293  0.354   0.0000   6.277   1.1849  0.0000   0.000E+00  4.643E-01  0.000E+00
 0.090     7.152784     3023.  -2.034  4.302  0.351   0.0000   6.281   1.1987  0.0000   0.000E+00  4.643E-01  0.000E+00
 0.090     7.164320     3023.  -2.044  4.311  0.347   0.0000   6.285   1.2124  0.0000   0.000E+00  4.644E-01  0.000E+00
 0.090     7.170109     3023.  -2.048  4.315  0.345   0.0000   6.288   1.2193  0.0000   0.000E+00  4.644E-01  0.000E+00
 0.090     7.181732     3023.  -2.057  4.325  0.342   0.0000   6.292   1.2331  0.0000   0.000E+00  4.645E-01  0.000E+00
 0.090     7.193408     3023.  -2.066  4.334  0.338   0.0000   6.296   1.2469  0.0000   0.000E+00  4.645E-01  0.000E+00
 0.090     7.199267     3023.  -2.071  4.338  0.336   0.0000   6.298   1.2538  0.0000   0.000E+00  4.645E-01  0.000E+00
 0.090     7.211016     3023.  -2.080  4.348  0.333   0.0000   6.302   1.2676  0.0000   0.000E+00  4.646E-01  0.000E+00
 0.090     7.222815     3024.  -2.089  4.357  0.329   0.0000   6.306   1.2814  0.0000   0.000E+00  4.646E-01  0.000E+00
 0.090     7.234664     3024.  -2.098  4.366  0.326   0.0000   6.310   1.2952  0.0000   0.000E+00  4.647E-01  0.000E+00
 0.090     7.240609     3024.  -2.103  4.370  0.324   0.0000   6.312   1.3021  0.0000   0.000E+00  4.647E-01  0.000E+00
 0.090     7.252533     3024.  -2.112  4.380  0.321   0.0000   6.316   1.3159  0.0000   0.000E+00  4.647E-01  0.000E+00
 0.090     7.264511     3024.  -2.121  4.389  0.317   0.0000   6.321   1.3297  0.0000   0.000E+00  4.647E-01  0.000E+00
 0.090     7.270516     3024.  -2.125  4.393  0.316   0.0000   6.322   1.3366  0.0000   0.000E+00  4.647E-01  0.000E+00
 0.090     7.282563     3024.  -2.135  4.403  0.312   0.0000   6.327   1.3505  0.0000   0.000E+00  4.648E-01  0.000E+00
 0.090     7.294656     3024.  -2.144  4.412  0.309   0.0000   6.331   1.3643  0.0000   0.000E+00  4.648E-01  0.000E+00
 0.090     7.300715     3024.  -2.148  4.416  0.307   0.0000   6.333   1.3712  0.0000   0.000E+00  4.648E-01  0.000E+00
 0.090     7.312860     3025.  -2.157  4.426  0.304   0.0000   6.337   1.3850  0.0000   0.000E+00  4.648E-01  0.000E+00
 0.090     7.325043     3025.  -2.166  4.435  0.301   0.0000   6.341   1.3987  0.0000   0.000E+00  4.648E-01  0.000E+00
 0.090     7.331146     3025.  -2.171  4.439  0.299   0.0000   6.343   1.4056  0.0000   0.000E+00  4.648E-01  0.000E+00
 0.090     7.343377     3025.  -2.180  4.448  0.296   0.0000   6.347   1.4194  0.0000   0.000E+00  4.649E-01  0.000E+00
 0.090     7.349507     3025.  -2.184  4.453  0.295   0.0000   6.349   1.4262  0.0000   0.000E+00  4.649E-01  0.000E+00
 0.090     7.361788     3025.  -2.193  4.462  0.292   0.0000   6.353   1.4400  0.0000   0.000E+00  4.649E-01  0.000E+00
 0.090     7.374099     3026.  -2.203  4.471  0.289   0.0000   6.357   1.4537  0.0000   0.000E+00  4.649E-01  0.000E+00
 0.090     7.380267     3026.  -2.207  4.476  0.287   0.0000   6.359   1.4606  0.0000   0.000E+00  4.649E-01  0.000E+00
 0.090     7.392625     3026.  -2.216  4.485  0.284   0.0000   6.363   1.4743  0.0000   0.000E+00  4.649E-01  0.000E+00
 0.090     7.405013     3026.  -2.225  4.494  0.281  -0.0004   6.367   1.4879  0.0000   0.000E+00  4.649E-01  0.000E+00
 0.090     7.411219     3026.  -2.230  4.499  0.280  -0.0004   6.369   1.4948  0.0000   0.000E+00  4.649E-01  0.000E+00
 0.090     7.423654     3025.  -2.239  4.508  0.277  -0.0004   6.372   1.5084  0.0000   0.000E+00  4.649E-01  0.000E+00
 0.090     7.429891     3025.  -2.244  4.512  0.275  -0.0004   6.374   1.5153  0.0000   0.000E+00  4.650E-01  0.000E+00
 0.090     7.442398     3024.  -2.254  4.522  0.272  -0.0004   6.378   1.5289  0.0000   0.000E+00  4.650E-01  0.000E+00
 0.090     7.454953     3022.  -2.264  4.531  0.269  -0.0009   6.382   1.5425  0.0000   0.000E+00  4.650E-01  0.000E+00
 0.090     7.461249     3022.  -2.269  4.535  0.268  -0.0009   6.384   1.5493  0.0000   0.000E+00  4.650E-01  0.000E+00
 0.090     7.473878     3021.  -2.278  4.544  0.265  -0.0009   6.388   1.5628  0.0000   0.000E+00  4.650E-01  0.000E+00
 0.090     7.480210     3020.  -2.283  4.549  0.264  -0.0013   6.390   1.5696  0.0000   0.000E+00  4.650E-01  0.000E+00
 0.090     7.492904     3019.  -2.293  4.558  0.261  -0.0017   6.394   1.5832  0.0000   0.000E+00  4.650E-01  0.000E+00
 0.090     7.499268     3018.  -2.298  4.563  0.260  -0.0017   6.395   1.5899  0.0000   0.000E+00  4.650E-01  0.000E+00
 0.090     7.512028     3017.  -2.308  4.572  0.257  -0.0022   6.399   1.6035  0.0000   0.000E+00  4.651E-01  0.000E+00
 0.090     7.524828     3016.  -2.318  4.581  0.254  -0.0031   6.403   1.6170  0.0000   0.000E+00  4.651E-01  0.000E+00
 0.090     7.531245     3015.  -2.323  4.585  0.253  -0.0031   6.405   1.6237  0.0000   0.000E+00  4.651E-01  0.000E+00
 0.090     7.544110     3014.  -2.332  4.594  0.250  -0.0039   6.408   1.6372  0.0000   0.000E+00  4.651E-01  0.000E+00
 0.090     7.550559     3013.  -2.337  4.599  0.249  -0.0048   6.410   1.6440  0.0000   0.000E+00  4.651E-01  0.000E+00
 0.090     7.563485     3012.  -2.347  4.608  0.247  -0.0061   6.414   1.6574  0.0000   0.000E+00  4.651E-01  0.000E+00
 0.090     7.569963     3011.  -2.352  4.612  0.245  -0.0066   6.416   1.6641  0.0000   0.000E+00  4.651E-01  0.000E+00
 0.090     7.582952     3010.  -2.362  4.622  0.243  -0.0083   6.419   1.6776  0.0000   0.000E+00  4.651E-01  0.000E+00
 0.090     7.589463     3009.  -2.367  4.626  0.241  -0.0097   6.421   1.6843  0.0000   0.000E+00  4.652E-01  0.000E+00
 0.090     7.602516     3007.  -2.377  4.635  0.239  -0.0119   6.425   1.6977  0.0000   0.000E+00  4.652E-01  0.000E+00
 0.090     7.609058     3007.  -2.382  4.640  0.238  -0.0137   6.426   1.7044  0.0000   0.000E+00  4.652E-01  0.000E+00
 0.090     7.622179     3005.  -2.392  4.649  0.235  -0.0173   6.430   1.7179  0.0000   0.000E+00  4.652E-01  0.000E+00
 0.090     7.635346     3004.  -2.402  4.658  0.233  -0.0214   6.434   1.7313  0.0000   0.000E+00  4.652E-01  0.000E+00
 0.090     7.641455     3003.  -2.406  4.662  0.232  -0.0241   6.435   1.7375  0.0000   0.000E+00  4.652E-01  0.000E+00
 0.090     7.652010     3002.  -2.414  4.669  0.230  -0.0287   6.438   1.7482  0.0000   0.000E+00  4.652E-01  0.000E+00
 0.090     7.660936     3001.  -2.421  4.675  0.228  -0.0334   6.441   1.7573  0.0000   0.000E+00  4.652E-01  0.000E+00
 0.090     7.672203     2999.  -2.429  4.683  0.226  -0.0405   6.444   1.7687  0.0000   0.000E+00  4.653E-01  0.000E+00
 0.090     7.681669     2998.  -2.436  4.689  0.225  -0.0477   6.446   1.7783  0.0000   0.000E+00  4.653E-01  0.000E+00
 0.090     7.689843     2997.  -2.443  4.695  0.223  -0.0550   6.448   1.7865  0.0000   0.000E+00  4.653E-01  0.000E+00
 0.090     7.699263     2996.  -2.450  4.701  0.221  -0.0645   6.450   1.7960  0.0000   0.000E+00  4.653E-01  0.000E+00
 0.090     7.709301     2994.  -2.457  4.708  0.220  -0.0762   6.453   1.8061  0.0000   0.000E+00  4.653E-01  0.000E+00
 0.090     7.719519     2993.  -2.465  4.715  0.218  -0.0904   6.456   1.8164  0.0000   0.000E+00  4.653E-01  0.000E+00
 0.090     7.729636     2991.  -2.473  4.722  0.216  -0.1073   6.458   1.8265  0.0000   0.000E+00  4.654E-01  0.000E+00
 0.090     7.739493     2990.  -2.480  4.728  0.215  -0.1267   6.461   1.8363  0.0000   0.000E+00  4.654E-01  0.000E+00
 0.090     7.749004     2988.  -2.487  4.735  0.213  -0.1481   6.463   1.8458  0.0000   0.000E+00  4.654E-01  0.000E+00
 0.090     7.758975     2987.  -2.495  4.742  0.211  -0.1746   6.466   1.8557  0.0000   0.000E+00  4.654E-01  0.000E+00
 0.090     7.769049     2985.  -2.503  4.748  0.210  -0.2062   6.468   1.8657  0.0000   0.000E+00  4.654E-01  0.000E+00
 0.090     7.778999     2984.  -2.510  4.755  0.208  -0.2426   6.471   1.8756  0.0000   0.000E+00  4.654E-01  0.000E+00
 0.090     7.789221     2982.  -2.518  4.762  0.207  -0.2865   6.473   1.8857  0.0000   0.000E+00  4.655E-01  0.000E+00
 0.090     7.799421     2981.  -2.526  4.768  0.205  -0.3372   6.476   1.8957  0.0000   0.000E+00  4.655E-01  0.000E+00
 0.090     7.809031     2979.  -2.533  4.775  0.203  -0.3936   6.478   1.9052  0.0000   0.000E+00  4.655E-01  0.000E+00
 0.090     7.819113     2977.  -2.541  4.781  0.202  -0.4622   6.480   1.9151  0.0000   0.000E+00  4.655E-01  0.000E+00
 0.090     7.829030     2976.  -2.548  4.788  0.200  -0.5421   6.483   1.9248  0.0000   0.000E+00  4.655E-01  0.000E+00
 0.090     7.839169     2974.  -2.556  4.795  0.199  -0.6345   6.485   1.9348  0.0000   0.000E+00  4.656E-01  0.000E+00
 0.090     7.849062     2972.  -2.563  4.801  0.197  -0.7423   6.487   1.9444  0.0000   0.000E+00  4.656E-01  0.000E+00
 0.090     7.859003     2970.  -2.571  4.808  0.196  -0.8665   6.490   1.9541  0.0000   0.000E+00  4.656E-01  0.000E+00
 0.090     7.868970     2968.  -2.579  4.814  0.194  -1.0110   6.492   1.9638  0.0000   0.000E+00  4.656E-01  0.000E+00
 0.090     7.879072     2966.  -2.586  4.821  0.193  -1.1811   6.494   1.9736  0.0000   0.000E+00  4.657E-01  0.000E+00
 0.090     7.888972     2964.  -2.594  4.827  0.192  -1.3747   6.497   1.9832  0.0000   0.000E+00  4.657E-01  0.000E+00
 0.090     7.899000     2963.  -2.601  4.834  0.190  -1.6021   6.499   1.9929  0.0000   0.000E+00  4.657E-01  0.000E+00
 0.090     7.909045     2961.  -2.609  4.840  0.189  -1.8633   6.501   2.0026  0.0000   0.000E+00  4.657E-01  0.000E+00
 0.090     7.919018     2959.  -2.617  4.847  0.187  -2.1662   6.503   2.0122  0.0000   0.000E+00  4.657E-01  0.000E+00
 0.090     7.928996     2957.  -2.624  4.853  0.186  -2.5157   6.506   2.0218  0.0000   0.000E+00  4.658E-01  0.000E+00
 0.090     7.939002     2955.  -2.632  4.860  0.185  -2.9172   6.508   2.0314  0.0000   0.000E+00  4.658E-01  0.000E+00
 0.090     7.948978     2953.  -2.640  4.866  0.183  -3.3820   6.510   2.0409  0.0000   0.000E+00  4.658E-01  0.000E+00
 0.090     7.959010     2951.  -2.647  4.872  0.182  -3.9208   6.512   2.0505  0.0000   0.000E+00  4.658E-01  0.000E+00
 0.090     7.970174     2948.  -2.656  4.879  0.180  -4.3458   6.515   2.0612  0.0000   0.000E+00  4.658E-01  0.000E+00
 0.090     7.980666     2946.  -2.664  4.886  0.179  -4.5560   6.517   2.0711  0.0000   0.000E+00  4.659E-01  0.000E+00
 0.090     7.989388     2944.  -2.670  4.892  0.178  -4.6882   6.519   2.0794  0.0000   0.000E+00  4.659E-01  0.000E+00
 0.090     8.001647     2942.  -2.679  4.899  0.176  -4.8416   6.521   2.0909  0.0000   0.000E+00  4.659E-01  0.000E+00
 0.090     8.015896     2939.  -2.690  4.908  0.174  -5.0083   6.524   2.1043  0.0000   0.000E+00  4.659E-01  0.000E+00
 0.090     8.023038     2937.  -2.695  4.913  0.174  -5.0942   6.526   2.1110  0.0000   0.000E+00  4.659E-01  0.000E+00
 0.090     8.030191     2936.  -2.701  4.917  0.173  -5.1818   6.527   2.1177  0.0000   0.000E+00  4.659E-01  0.000E+00
 0.090     8.044528     2932.  -2.712  4.926  0.171  -5.3536   6.530   2.1311  0.0000   0.000E+00  4.660E-01  0.000E+00
 0.090     8.051712     2931.  -2.717  4.931  0.170  -5.4437   6.532   2.1378  0.0000   0.000E+00  4.660E-01  0.000E+00
 0.090     8.066113     2927.  -2.728  4.939  0.168  -5.6289   6.535   2.1512  0.0000   0.000E+00  4.660E-01  0.000E+00
 0.090     8.073330     2926.  -2.733  4.944  0.167  -5.7258   6.536   2.1579  0.0000   0.000E+00  4.660E-01  0.000E+00
 0.090     8.080554     2924.  -2.739  4.948  0.167  -5.8239   6.537   2.1646  0.0000   0.000E+00  4.660E-01  0.000E+00
 0.090     8.095037     2920.  -2.750  4.957  0.165  -6.0297   6.540   2.1780  0.0000   0.000E+00  4.660E-01  0.000E+00
 0.090     8.102073     2919.  -2.755  4.962  0.164  -6.1349   6.542   2.1845  0.0000   0.000E+00  4.660E-01  0.000E+00
 0.090     8.109332     2917.  -2.761  4.966  0.163  -6.2434   6.543   2.1912  0.0000   0.000E+00  4.660E-01  0.000E+00
 0.090     8.123881     2913.  -2.772  4.975  0.162  -6.4672   6.546   2.2046  0.0000   0.000E+00  4.661E-01  0.000E+00
 0.090     8.131169     2911.  -2.777  4.979  0.161  -6.5834   6.547   2.2112  0.0000   0.000E+00  4.661E-01  0.000E+00
 0.090     8.145774     2907.  -2.789  4.988  0.159  -6.8210   6.550   2.2246  0.0000   0.000E+00  4.661E-01  0.000E+00
 0.090     8.153092     2905.  -2.794  4.992  0.158  -6.9431   6.551   2.2312  0.0000   0.000E+00  4.661E-01  0.000E+00
 0.090     8.160421     2903.  -2.800  4.997  0.158  -7.0696   6.553   2.2379  0.0000   0.000E+00  4.661E-01  0.000E+00
 0.090     8.175114     2899.  -2.811  5.006  0.156  -7.3270   6.555   2.2512  0.0000   0.000E+00  4.661E-01  0.000E+00
 0.090     8.182480     2896.  -2.817  5.010  0.155  -7.4597   6.557   2.2578  0.0000   0.000E+00  4.661E-01  0.000E+00
 0.090     8.189866     2894.  -2.823  5.014  0.154  -7.5935   6.558   2.2645  0.0000   0.000E+00  4.661E-01  0.000E+00
 0.090     8.204700     2889.  -2.835  5.023  0.153  -7.8697   6.561   2.2777  0.0000   0.000E+00  4.661E-01  0.000E+00
 0.090     8.212148     2886.  -2.841  5.027  0.152  -8.0114   6.562   2.2843  0.0000   0.000E+00  4.661E-01  0.000E+00
 0.090     8.219619     2883.  -2.847  5.032  0.151  -8.1543   6.563   2.2909  0.0000   0.000E+00  4.661E-01  0.000E+00
 0.090     8.234634     2878.  -2.859  5.041  0.150  -8.4437   6.566   2.3041  0.0000   0.000E+00  4.661E-01  0.000E+00
 0.090     8.242179     2875.  -2.865  5.045  0.149  -8.5901   6.567   2.3107  0.0000   0.000E+00  4.661E-01  0.000E+00
 0.090     8.249753     2873.  -2.871  5.049  0.148  -8.7352   6.568   2.3173  0.0000   0.000E+00  4.661E-01  0.000E+00
 0.090     8.264995     2867.  -2.883  5.058  0.147  -9.0182   6.571   2.3305  0.0000   0.000E+00  4.661E-01  0.000E+00
 0.090     8.272665     2864.  -2.889  5.062  0.146  -9.1518   6.572   2.3371  0.0000   0.000E+00  4.661E-01  0.000E+00
 0.090     8.280371     2861.  -2.895  5.066  0.145  -9.2774   6.573   2.3437  0.0000   0.000E+00  4.661E-01  0.000E+00
 0.090     8.295890     2856.  -2.907  5.075  0.144  -9.4921   6.575   2.3569  0.0000   0.000E+00  4.661E-01  0.000E+00
 0.090     8.303708     2853.  -2.913  5.079  0.143  -9.5834   6.577   2.3635  0.0000   0.000E+00  4.661E-01  0.000E+00
 0.090     8.311565     2850.  -2.919  5.084  0.143  -9.6655   6.578   2.3700  0.0000   0.000E+00  4.661E-01  0.000E+00
 0.090     8.319464     2847.  -2.925  5.088  0.142  -9.7399   6.579   2.3766  0.0000   0.000E+00  4.661E-01  0.000E+00
 0.090     8.335392     2841.  -2.937  5.097  0.140  -9.8697   6.581   2.3898  0.0000   0.000E+00  4.661E-01  0.000E+00
 0.090     8.343424     2838.  -2.944  5.101  0.140  -9.9281   6.582   2.3963  0.0000   0.000E+00  4.661E-01  0.000E+00
 0.090     8.351499     2835.  -2.950  5.105  0.139  -9.9830   6.583   2.4029  0.0000   0.000E+00  4.661E-01  0.000E+00
 0.090     8.359612     2831.  -2.956  5.109  0.138 -10.0315   6.585   2.4094  0.0000   0.000E+00  4.661E-01  0.000E+00
 0.090     8.375982     2825.  -2.968  5.118  0.137 -10.1232   6.587   2.4225  0.0000   0.000E+00  4.661E-01  0.000E+00
 0.090     8.384239     2822.  -2.975  5.122  0.136 -10.1656   6.588   2.4290  0.0000   0.000E+00  4.661E-01  0.000E+00
 0.090     8.392549     2819.  -2.981  5.126  0.136 -10.2048   6.589   2.4354  0.0000   0.000E+00  4.660E-01  0.000E+00
 0.090     8.400918     2815.  -2.987  5.131  0.135 -10.2418   6.590   2.4419  0.0000   0.000E+00  4.660E-01  0.000E+00
 0.090     8.409341     2812.  -2.993  5.135  0.134 -10.2765   6.591   2.4484  0.0000   0.000E+00  4.660E-01  0.000E+00
 0.090     8.426384     2805.  -3.006  5.143  0.133 -10.3382   6.593   2.4612  0.0000   0.000E+00  4.660E-01  0.000E+00
 0.090     8.435008     2802.  -3.012  5.147  0.133 -10.3645   6.594   2.4676  0.0000   0.000E+00  4.660E-01  0.000E+00
 0.090     8.443707     2798.  -3.019  5.151  0.132 -10.3893   6.595   2.4740  0.0000   0.000E+00  4.660E-01  0.000E+00
 0.090     8.452495     2794.  -3.025  5.156  0.131 -10.4112   6.596   2.4804  0.0000   0.000E+00  4.659E-01  0.000E+00
 0.090     8.461375     2790.  -3.032  5.160  0.131 -10.4318   6.597   2.4867  0.0000   0.000E+00  4.659E-01  0.000E+00
 0.090     8.470355     2786.  -3.038  5.164  0.130 -10.4498   6.598   2.4931  0.0000   0.000E+00  4.659E-01  0.000E+00
 0.090     8.479444     2782.  -3.045  5.168  0.129 -10.4660   6.599   2.4994  0.0000   0.000E+00  4.659E-01  0.000E+00
 0.090     8.497986     2774.  -3.058  5.176  0.128 -10.4921   6.601   2.5120  0.0000   0.000E+00  4.659E-01  0.000E+00
 0.090     8.507455     2770.  -3.065  5.180  0.128 -10.5017   6.602   2.5183  0.0000   0.000E+00  4.658E-01  0.000E+00
 0.090     8.517073     2765.  -3.072  5.184  0.127 -10.5114   6.603   2.5246  0.0000   0.000E+00  4.658E-01  0.000E+00
 0.090     8.526847     2761.  -3.078  5.188  0.126 -10.5186   6.603   2.5308  0.0000   0.000E+00  4.658E-01  0.000E+00
 0.090     8.536794     2757.  -3.085  5.192  0.126 -10.5243   6.604   2.5370  0.0000   0.000E+00  4.658E-01  0.000E+00
 0.090     8.546927     2753.  -3.092  5.196  0.125 -10.5287   6.605   2.5433  0.0000   0.000E+00  4.657E-01  0.000E+00
 0.090     8.557262     2748.  -3.098  5.200  0.125 -10.5317   6.606   2.5494  0.0000   0.000E+00  4.657E-01  0.000E+00
 0.090     8.567819     2744.  -3.105  5.204  0.124 -10.5331   6.607   2.5556  0.0000   0.000E+00  4.657E-01  0.000E+00
 0.090     8.578615     2740.  -3.112  5.208  0.124 -10.5331   6.608   2.5618  0.0000   0.000E+00  4.657E-01  0.000E+00
 0.090     8.589673     2735.  -3.119  5.212  0.123 -10.5317   6.608   2.5679  0.0000   0.000E+00  4.657E-01  0.000E+00
 0.090     8.601022     2731.  -3.125  5.216  0.122 -10.5302   6.609   2.5740  0.0000   0.000E+00  4.656E-01  0.000E+00
 0.090     8.612695     2726.  -3.132  5.220  0.122 -10.5258   6.610   2.5801  0.0000   0.000E+00  4.656E-01  0.000E+00
 0.090     8.624713     2722.  -3.139  5.224  0.121 -10.5200   6.611   2.5862  0.0000   0.000E+00  4.656E-01  0.000E+00
 0.090     8.637120     2717.  -3.146  5.228  0.121 -10.5129   6.612   2.5922  0.0000   0.000E+00  4.656E-01  0.000E+00
 0.090     8.649970     2713.  -3.152  5.232  0.120 -10.5031   6.612   2.5982  0.0000   0.000E+00  4.655E-01  0.000E+00
 0.090     8.663315     2708.  -3.159  5.235  0.120 -10.4921   6.613   2.6042  0.0000   0.000E+00  4.655E-01  0.000E+00
 0.090     8.677199     2704.  -3.166  5.239  0.119 -10.4789   6.614   2.6102  0.0000   0.000E+00  4.655E-01  0.000E+00
 0.090     8.690999     2699.  -3.172  5.243  0.119 -10.4647   6.614   2.6158  0.0000   0.000E+00  4.654E-01  0.000E+00
 0.090     8.704627     2696.  -3.178  5.246  0.118 -10.4510   6.615   2.6211  0.0000   0.000E+00  4.654E-01  0.000E+00
 0.090     8.718071     2692.  -3.184  5.250  0.118 -10.4365   6.615   2.6261  0.0000   0.000E+00  4.654E-01  0.000E+00
 0.090     8.731328     2688.  -3.189  5.253  0.117 -10.4225   6.616   2.6308  0.0000   0.000E+00  4.654E-01  0.000E+00
 0.090     8.744391     2685.  -3.194  5.255  0.117 -10.4089   6.616   2.6352  0.0000   0.000E+00  4.653E-01  0.000E+00
 0.090     8.757257     2682.  -3.199  5.258  0.117 -10.3947   6.617   2.6393  0.0000   0.000E+00  4.653E-01  0.000E+00
 0.090     8.769924     2679.  -3.203  5.261  0.116 -10.3820   6.617   2.6431  0.0000   0.000E+00  4.653E-01  0.000E+00
 0.090     8.782389     2676.  -3.207  5.263  0.116 -10.3686   6.617   2.6467  0.0000   0.000E+00  4.653E-01  0.000E+00
 0.090     8.794652     2674.  -3.211  5.265  0.116 -10.3556   6.618   2.6500  0.0000   0.000E+00  4.652E-01  0.000E+00
 0.090     8.806709     2671.  -3.215  5.267  0.115 -10.3429   6.618   2.6530  0.0000   0.000E+00  4.652E-01  0.000E+00
 0.090     8.818562     2669.  -3.218  5.269  0.115 -10.3316   6.618   2.6559  0.0000   0.000E+00  4.652E-01  0.000E+00
 0.090     8.830211     2667.  -3.221  5.270  0.115 -10.3197   6.619   2.6585  0.0000   0.000E+00  4.652E-01  0.000E+00
 0.090     8.841656     2665.  -3.224  5.272  0.115 -10.3089   6.619   2.6609  0.0000   0.000E+00  4.652E-01  0.000E+00
 0.090     8.852899     2663.  -3.226  5.274  0.115 -10.2984   6.619   2.6632  0.0000   0.000E+00  4.652E-01  0.000E+00
 0.090     8.863942     2662.  -3.229  5.275  0.114 -10.2882   6.619   2.6652  0.0000   0.000E+00  4.652E-01  0.000E+00
 0.090     8.874786     2660.  -3.231  5.276  0.114 -10.2790   6.620   2.6671  0.0000   0.000E+00  4.652E-01  0.000E+00
 0.090     8.885435     2659.  -3.233  5.277  0.114 -10.2700   6.620   2.6689  0.0000   0.000E+00  4.652E-01  0.000E+00
 0.090     8.895891     2657.  -3.235  5.278  0.114 -10.2620   6.620   2.6705  0.0000   0.000E+00  4.651E-01  0.000E+00
 0.090     8.908115     2656.  -3.237  5.279  0.114 -10.2464   6.620   2.6722  0.0000   0.000E+00  4.651E-01  0.000E+00
 0.090     8.922343     2654.  -3.239  5.281  0.114 -10.2233   6.620   2.6740  0.0000   0.000E+00  4.651E-01  0.000E+00
 0.090     8.938496     2653.  -3.241  5.282  0.114 -10.1952   6.620   2.6759  0.0000   0.000E+00  4.651E-01  0.000E+00
 0.090     8.954069     2651.  -3.243  5.283  0.113 -10.1713   6.620   2.6775  0.0000   0.000E+00  4.651E-01  0.000E+00
 0.090     8.969103     2650.  -3.245  5.284  0.113 -10.1518   6.620   2.6789  0.0000   0.000E+00  4.651E-01  0.000E+00
 0.090     8.983634     2649.  -3.246  5.284  0.113 -10.1355   6.621   2.6800  0.0000   0.000E+00  4.651E-01  0.000E+00
 0.090     8.997694     2649.  -3.248  5.285  0.113 -10.1221   6.621   2.6811  0.0000   0.000E+00  4.651E-01  0.000E+00
 0.090     9.011312     2648.  -3.249  5.286  0.113 -10.1107   6.621   2.6819  0.0000   0.000E+00  4.651E-01  0.000E+00
 0.090     9.024519     2647.  -3.249  5.286  0.113 -10.1007   6.621   2.6827  0.0000   0.000E+00  4.651E-01  0.000E+00
 0.090     9.037335     2647.  -3.250  5.287  0.113 -10.0921   6.621   2.6834  0.0000   0.000E+00  4.651E-01  0.000E+00
 0.090     9.049784     2646.  -3.251  5.287  0.113 -10.0846   6.621   2.6839  0.0000   0.000E+00  4.651E-01  0.000E+00
 0.090     9.061882     2646.  -3.251  5.287  0.113 -10.0778   6.621   2.6844  0.0000   0.000E+00  4.651E-01  0.000E+00
 0.090     9.073656     2645.  -3.252  5.287  0.113 -10.0721   6.621   2.6848  0.0000   0.000E+00  4.651E-01  0.000E+00
 0.090     9.085119     2645.  -3.252  5.288  0.113 -10.0670   6.621   2.6852  0.0000   0.000E+00  4.651E-01  0.000E+00
 0.090     9.096288     2645.  -3.253  5.288  0.113 -10.0625   6.621   2.6855  0.0000   0.000E+00  4.651E-01  0.000E+00
 0.090     9.107176     2645.  -3.253  5.288  0.113 -10.0585   6.621   2.6858  0.0000   0.000E+00  4.651E-01  0.000E+00
 0.090     9.117798     2644.  -3.253  5.288  0.113 -10.0545   6.621   2.6860  0.0000   0.000E+00  4.651E-01  0.000E+00
 0.090     9.128163     2644.  -3.254  5.288  0.113 -10.0511   6.621   2.6862  0.0000   0.000E+00  4.651E-01  0.000E+00
 0.090     9.138290     2644.  -3.254  5.288  0.113 -10.0477   6.621   2.6864  0.0000   0.000E+00  4.651E-01  0.000E+00
 0.090     9.148186     2644.  -3.254  5.289  0.113 -10.0448   6.621   2.6865  0.0000   0.000E+00  4.650E-01  0.000E+00
 0.090     9.157862     2644.  -3.254  5.289  0.113 -10.0419   6.621   2.6866  0.0000   0.000E+00  4.650E-01  0.000E+00
 0.090     9.167326     2644.  -3.254  5.289  0.113 -10.0395   6.621   2.6867  0.0000   0.000E+00  4.650E-01  0.000E+00
 0.090     9.176586     2644.  -3.254  5.289  0.113 -10.0372   6.621   2.6868  0.0000   0.000E+00  4.650E-01  0.000E+00
 0.090     9.185655     2644.  -3.254  5.289  0.113 -10.0348   6.621   2.6869  0.0000   0.000E+00  4.650E-01  0.000E+00
 0.090     9.194539     2644.  -3.255  5.289  0.113 -10.0325   6.621   2.6870  0.0000   0.000E+00  4.650E-01  0.000E+00
 0.090     9.203245     2644.  -3.255  5.289  0.113 -10.0301   6.621   2.6870  0.0000   0.000E+00  4.650E-01  0.000E+00
 0.090     9.211780     2644.  -3.255  5.289  0.113 -10.0283   6.621   2.6871  0.0000   0.000E+00  4.650E-01  0.000E+00
 0.090     9.220147     2644.  -3.255  5.289  0.113 -10.0259   6.621   2.6871  0.0000   0.000E+00  4.650E-01  0.000E+00
 0.090     9.228359     2643.  -3.255  5.289  0.113 -10.0241   6.621   2.6872  0.0000   0.000E+00  4.650E-01  0.000E+00
 0.090     9.236419     2643.  -3.255  5.289  0.113 -10.0223   6.621   2.6872  0.0000   0.000E+00  4.650E-01  0.000E+00
 0.090     9.244332     2643.  -3.255  5.289  0.113 -10.0205   6.621   2.6872  0.0000   0.000E+00  4.650E-01  0.000E+00
 0.090     9.252103     2643.  -3.255  5.289  0.113 -10.0186   6.621   2.6873  0.0000   0.000E+00  4.650E-01  0.000E+00
 0.090     9.259735     2643.  -3.255  5.289  0.113 -10.0168   6.621   2.6873  0.0000   0.000E+00  4.650E-01  0.000E+00
 0.090     9.267237     2643.  -3.255  5.289  0.113 -10.0150   6.621   2.6873  0.0000   0.000E+00  4.650E-01  0.000E+00
 0.090     9.274613     2643.  -3.255  5.289  0.113 -10.0132   6.621   2.6873  0.0000   0.000E+00  4.650E-01  0.000E+00
 0.090     9.281865     2643.  -3.255  5.289  0.113 -10.0119   6.621   2.6873  0.0000   0.000E+00  4.650E-01  0.000E+00
 0.090     9.288998     2643.  -3.255  5.289  0.113 -10.0101   6.621   2.6873  0.0000   0.000E+00  4.650E-01  0.000E+00
 0.090     9.296015     2643.  -3.255  5.289  0.113 -10.0083   6.621   2.6873  0.0000   0.000E+00  4.650E-01  0.000E+00
 0.090     9.302919     2643.  -3.255  5.289  0.113 -10.0070   6.621   2.6873  0.0000   0.000E+00  4.650E-01  0.000E+00
 0.090     9.309717     2643.  -3.255  5.289  0.113 -10.0052   6.621   2.6873  0.0000   0.000E+00  4.650E-01  0.000E+00
 0.090     9.316411     2643.  -3.255  5.289  0.113 -10.0039   6.621   2.6873  0.0000   0.000E+00  4.650E-01  0.000E+00
 0.090     9.323002     2643.  -3.255  5.289  0.113 -10.0022   6.621   2.6873  0.0000   0.000E+00  4.650E-01  0.000E+00
 0.090     9.329496     2643.  -3.255  5.289  0.113 -10.0009   6.621   2.6874  0.0000   0.000E+00  4.650E-01  0.000E+00
 0.090     9.335891     2643.  -3.255  5.289  0.113 -10.0000   6.621   2.6874  0.0000   0.000E+00  4.650E-01  0.000E+00
 0.090     9.342196     2643.  -3.255  5.289  0.113 -10.0000   6.621   2.6874  0.0000   0.000E+00  4.650E-01  0.000E+00
 0.090     9.348410     2643.  -3.255  5.289  0.113  -9.9957   6.621   2.6874  0.0000   0.000E+00  4.650E-01  0.000E+00
 0.090     9.354537     2643.  -3.255  5.289  0.113  -9.9957   6.621   2.6874  0.0000   0.000E+00  4.650E-01  0.000E+00
 0.090     9.360578     2643.  -3.255  5.289  0.113  -9.9914   6.621   2.6874  0.0000   0.000E+00  4.650E-01  0.000E+00
 0.090     9.366535     2643.  -3.255  5.289  0.113  -9.9914   6.621   2.6874  0.0000   0.000E+00  4.650E-01  0.000E+00
 0.090     9.372413     2643.  -3.255  5.289  0.113  -9.9914   6.621   2.6873  0.0000   0.000E+00  4.650E-01  0.000E+00
 0.090     9.378213     2643.  -3.255  5.289  0.113  -9.9914   6.621   2.6873  0.0000   0.000E+00  4.650E-01  0.000E+00
 0.090     9.383936     2644.  -3.255  5.289  0.113  -9.9872   6.621   2.6873  0.0000   0.000E+00  4.650E-01  0.000E+00
 0.090     9.389584     2644.  -3.255  5.289  0.113  -9.9872   6.621   2.6873  0.0000   0.000E+00  4.650E-01  0.000E+00
 0.090     9.395159     2644.  -3.255  5.289  0.113  -9.9872   6.621   2.6873  0.0000   0.000E+00  4.650E-01  0.000E+00
 0.090     9.400664     2644.  -3.255  5.289  0.113  -9.9830   6.621   2.6873  0.0000   0.000E+00  4.650E-01  0.000E+00
 0.090     9.406101     2644.  -3.255  5.289  0.113  -9.9830   6.621   2.6873  0.0000   0.000E+00  4.650E-01  0.000E+00
 0.090     9.411470     2644.  -3.255  5.289  0.113  -9.9830   6.621   2.6873  0.0000   0.000E+00  4.650E-01  0.000E+00
 0.090     9.416774     2644.  -3.255  5.289  0.113  -9.9788   6.621   2.6873  0.0000   0.000E+00  4.650E-01  0.000E+00
 0.090     9.422013     2644.  -3.255  5.289  0.113  -9.9788   6.621   2.6873  0.0000   0.000E+00  4.650E-01  0.000E+00
 0.090     9.432305     2644.  -3.255  5.289  0.113  -9.9747   6.621   2.6873  0.0000   0.000E+00  4.650E-01  0.000E+00
 0.090     9.442361     2644.  -3.255  5.289  0.113  -9.9747   6.621   2.6873  0.0000   0.000E+00  4.650E-01  0.000E+00
 0.090     9.452187     2644.  -3.255  5.289  0.113  -9.9706   6.621   2.6873  0.0000   0.000E+00  4.650E-01  0.000E+00
 0.090     9.461797     2644.  -3.255  5.289  0.113  -9.9706   6.622   2.6873  0.0000   0.000E+00  4.650E-01  0.000E+00
 0.090     9.471199     2644.  -3.255  5.289  0.113  -9.9666   6.622   2.6873  0.0000   0.000E+00  4.650E-01  0.000E+00
 0.090     9.480401     2644.  -3.255  5.289  0.113  -9.9626   6.622   2.6873  0.0000   0.000E+00  4.650E-01  0.000E+00
 0.090     9.489413     2644.  -3.255  5.289  0.113  -9.9626   6.622   2.6873  0.0000   0.000E+00  4.650E-01  0.000E+00
 0.090     9.502588     2644.  -3.255  5.289  0.113  -9.9586   6.622   2.6873  0.0000   0.000E+00  4.650E-01  0.000E+00
 0.090     9.511156     2644.  -3.255  5.289  0.113  -9.9547   6.622   2.6873  0.0000   0.000E+00  4.650E-01  0.000E+00
 0.090     9.519556     2644.  -3.255  5.289  0.113  -9.9547   6.622   2.6873  0.0000   0.000E+00  4.650E-01  0.000E+00
 0.090     9.531862     2644.  -3.255  5.289  0.113  -9.9508   6.622   2.6872  0.0000   0.000E+00  4.650E-01  0.000E+00
 0.090     9.539876     2644.  -3.255  5.289  0.113  -9.9469   6.622   2.6872  0.0000   0.000E+00  4.650E-01  0.000E+00
 0.090     9.551626     2644.  -3.255  5.289  0.113  -9.9469   6.622   2.6872  0.0000   0.000E+00  4.650E-01  0.000E+00
 0.090     9.559286     2644.  -3.254  5.289  0.113  -9.9431   6.622   2.6872  0.0000   0.000E+00  4.650E-01  0.000E+00
 0.090     9.570529     2644.  -3.254  5.289  0.113  -9.9393   6.622   2.6872  0.0000   0.000E+00  4.650E-01  0.000E+00
 0.090     9.581488     2644.  -3.254  5.289  0.113  -9.9355   6.622   2.6872  0.0000   0.000E+00  4.650E-01  0.000E+00
 0.090     9.592178     2644.  -3.254  5.289  0.113  -9.9355   6.622   2.6872  0.0000   0.000E+00  4.650E-01  0.000E+00
 0.090     9.599160     2644.  -3.254  5.289  0.113  -9.9318   6.622   2.6872  0.0000   0.000E+00  4.650E-01  0.000E+00
 0.090     9.609429     2644.  -3.254  5.289  0.113  -9.9281   6.622   2.6872  0.0000   0.000E+00  4.650E-01  0.000E+00
 0.090     9.619460     2644.  -3.254  5.289  0.113  -9.9245   6.622   2.6872  0.0000   0.000E+00  4.650E-01  0.000E+00
 0.090     9.629265     2644.  -3.254  5.289  0.113  -9.9245   6.622   2.6871  0.0000   0.000E+00  4.650E-01  0.000E+00
 0.090     9.642002     2644.  -3.254  5.289  0.113  -9.9208   6.622   2.6871  0.0000   0.000E+00  4.650E-01  0.000E+00
 0.090     9.651316     2644.  -3.254  5.289  0.113  -9.9172   6.622   2.6871  0.0000   0.000E+00  4.650E-01  0.000E+00
 0.090     9.660435     2644.  -3.254  5.289  0.113  -9.9136   6.622   2.6871  0.0000   0.000E+00  4.650E-01  0.000E+00
 0.090     9.669365     2644.  -3.254  5.289  0.113  -9.9101   6.622   2.6871  0.0000   0.000E+00  4.650E-01  0.000E+00
 0.090     9.680994     2644.  -3.254  5.289  0.113  -9.9066   6.622   2.6871  0.0000   0.000E+00  4.650E-01  0.000E+00
 0.090     9.689517     2644.  -3.254  5.289  0.113  -9.9066   6.622   2.6871  0.0000   0.000E+00  4.650E-01  0.000E+00
 0.090     9.700625     2644.  -3.254  5.289  0.113  -9.9031   6.622   2.6871  0.0000   0.000E+00  4.650E-01  0.000E+00
 0.090     9.711456     2644.  -3.254  5.289  0.113  -9.8996   6.622   2.6870  0.0000   0.000E+00  4.650E-01  0.000E+00
 0.090     9.719407     2644.  -3.254  5.289  0.113  -9.8962   6.622   2.6870  0.0000   0.000E+00  4.650E-01  0.000E+00
 0.090     9.729785     2644.  -3.254  5.289  0.113  -9.8928   6.622   2.6870  0.0000   0.000E+00  4.650E-01  0.000E+00
 0.090     9.739921     2644.  -3.254  5.289  0.113  -9.8894   6.622   2.6870  0.0000   0.000E+00  4.650E-01  0.000E+00
 0.090     9.749827     2645.  -3.254  5.289  0.113  -9.8861   6.622   2.6870  0.0000   0.000E+00  4.650E-01  0.000E+00
 0.090     9.759511     2645.  -3.254  5.289  0.113  -9.8827   6.622   2.6870  0.0000   0.000E+00  4.650E-01  0.000E+00
 0.090     9.768983     2645.  -3.254  5.289  0.113  -9.8794   6.622   2.6870  0.0000   0.000E+00  4.650E-01  0.000E+00
 0.090     9.780541     2645.  -3.254  5.289  0.113  -9.8761   6.622   2.6869  0.0000   0.000E+00  4.650E-01  0.000E+00
 0.090     9.789571     2645.  -3.254  5.289  0.113  -9.8761   6.622   2.6869  0.0000   0.000E+00  4.650E-01  0.000E+00
 0.090     9.800600     2645.  -3.254  5.289  0.113  -9.8697   6.622   2.6869  0.0000   0.000E+00  4.650E-01  0.000E+00
 0.090     9.809227     2645.  -3.254  5.289  0.113  -9.8697   6.622   2.6869  0.0000   0.000E+00  4.650E-01  0.000E+00
 0.090     9.819774     2645.  -3.254  5.289  0.113  -9.8633   6.622   2.6869  0.0000   0.000E+00  4.650E-01  0.000E+00
 0.090     9.830071     2645.  -3.254  5.289  0.113  -9.8601   6.622   2.6869  0.0000   0.000E+00  4.650E-01  0.000E+00
 0.090     9.840130     2645.  -3.254  5.289  0.113  -9.8570   6.622   2.6868  0.0000   0.000E+00  4.650E-01  0.000E+00
 0.090     9.849961     2645.  -3.253  5.289  0.113  -9.8539   6.622   2.6868  0.0000   0.000E+00  4.650E-01  0.000E+00
 0.090     9.859574     2645.  -3.253  5.289  0.113  -9.8508   6.622   2.6868  0.0000   0.000E+00  4.650E-01  0.000E+00
 0.090     9.868979     2645.  -3.253  5.289  0.113  -9.8477   6.622   2.6868  0.0000   0.000E+00  4.650E-01  0.000E+00
 0.090     9.880003     2645.  -3.253  5.289  0.113  -9.8447   6.622   2.6868  0.0000   0.000E+00  4.650E-01  0.000E+00
 0.090     9.888980     2645.  -3.253  5.289  0.113  -9.8416   6.622   2.6867  0.0000   0.000E+00  4.650E-01  0.000E+00
 0.090     9.899514     2645.  -3.253  5.289  0.113  -9.8386   6.622   2.6867  0.0000   0.000E+00  4.650E-01  0.000E+00
 0.090     9.909798     2645.  -3.253  5.289  0.113  -9.8356   6.622   2.6867  0.0000   0.000E+00  4.650E-01  0.000E+00
 0.090     9.919844     2645.  -3.253  5.289  0.113  -9.8327   6.622   2.6867  0.0000   0.000E+00  4.650E-01  0.000E+00
 0.090     9.929663     2645.  -3.253  5.289  0.113  -9.8297   6.622   2.6867  0.0000   0.000E+00  4.650E-01  0.000E+00
 0.090     9.939265     2646.  -3.253  5.289  0.113  -9.8239   6.622   2.6866  0.0000   0.000E+00  4.650E-01  0.000E+00
 0.090     9.950206     2646.  -3.253  5.289  0.113  -9.8210   6.622   2.6866  0.0000   0.000E+00  4.650E-01  0.000E+00
 0.090     9.959368     2646.  -3.253  5.289  0.113  -9.8182   6.622   2.6866  0.0000   0.000E+00  4.650E-01  0.000E+00
 0.090     9.969820     2646.  -3.253  5.289  0.113  -9.8153   6.622   2.6866  0.0000   0.000E+00  4.650E-01  0.000E+00
 0.090     9.980026     2646.  -3.253  5.289  0.113  -9.8097   6.622   2.6865  0.0000   0.000E+00  4.650E-01  0.000E+00
 0.090     9.989997     2646.  -3.253  5.289  0.113  -9.8069   6.622   2.6865  0.0000   0.000E+00  4.650E-01  0.000E+00
 0.090     9.999745     2646.  -3.253  5.288  0.113  -9.8013   6.622   2.6865  0.0000   0.000E+00  4.650E-01  0.000E+00



