*BLOCK: TYPE =    0: SUBTYPE =    0: VERSION =    2
Summary of spectral data.
Number of spectral bands =    30
Total number of gaseous absorbers =     2
Maximum number of k-terms in a band =    12
List of indexing numbers and absorbers.
Index       Absorber(identifier and name)
    1           1       Water Vapour        
    2           2       Carbon Dioxide      
*END
*BLOCK: TYPE =    1: SUBTYPE =    0: VERSION =    0
Specification of spectral intervals
Limits of spectral intervals (wavelengths in m.)
Band        Lower limit         Upper limit
    1        7.943282347E-04     1.000000000E-02
    2        6.309573445E-04     7.943282347E-04
    3        5.011872336E-04     6.309573445E-04
    4        3.981071706E-04     5.011872336E-04
    5        3.162277660E-04     3.981071706E-04
    6        2.511886432E-04     3.162277660E-04
    7        1.995262315E-04     2.511886432E-04
    8        1.584893192E-04     1.995262315E-04
    9        1.258925412E-04     1.584893192E-04
   10        1.000000000E-04     1.258925412E-04
   11        7.943282347E-05     1.000000000E-04
   12        6.309573445E-05     7.943282347E-05
   13        5.011872336E-05     6.309573445E-05
   14        3.981071706E-05     5.011872336E-05
   15        3.162277660E-05     3.981071706E-05
   16        2.511886432E-05     3.162277660E-05
   17        1.995262315E-05     2.511886432E-05
   18        1.584893192E-05     1.995262315E-05
   19        1.258925412E-05     1.584893192E-05
   20        1.000000000E-05     1.258925412E-05
   21        7.943282347E-06     1.000000000E-05
   22        6.309573445E-06     7.943282347E-06
   23        5.011872336E-06     6.309573445E-06
   24        3.981071706E-06     5.011872336E-06
   25        3.162277660E-06     3.981071706E-06
   26        2.511886432E-06     3.162277660E-06
   27        1.995262315E-06     2.511886432E-06
   28        1.584893192E-06     1.995262315E-06
   29        1.258925412E-06     1.584893192E-06
   30        1.000000000E-06     1.258925412E-06
*END
*BLOCK: TYPE =    4: SUBTYPE =    0: VERSION =    0
Gaseous absorbers in each interval
(The number is the indexing number of the species as set out
 in the summary block 0.)
A zero indicates that there in no gaseous absorption in the interval.
Band        Number of active absorbers followed by indexing numbers
    1           2
         1    2
    2           2
         1    2
    3           2
         1    2
    4           2
         1    2
    5           2
         1    2
    6           2
         1    2
    7           2
         1    2
    8           2
         1    2
    9           2
         1    2
   10           2
         1    2
   11           2
         1    2
   12           2
         1    2
   13           2
         1    2
   14           2
         1    2
   15           2
         1    2
   16           2
         1    2
   17           2
         1    2
   18           2
         1    2
   19           2
         1    2
   20           2
         1    2
   21           2
         1    2
   22           2
         1    2
   23           2
         1    2
   24           2
         1    2
   25           2
         1    2
   26           2
         1    2
   27           2
         1    2
   28           2
         1    2
   29           2
         1    2
   30           2
         1    2
*END
*BLOCK: TYPE =    5: SUBTYPE =    0: version =    1
Exponential sum fiting coefficients: (exponents: m2/kg)
Band        Gas, Number of k-terms, Scaling type and scaling function,
             followed by reference pressure and temperature,
                   k-terms, weights and scaling parameters.
    1           1           1           0           0
       1.000000000E+00       2.000000000E+02
    0.000000000E+00    1.000000000E+00
    1           2           1           2           9
          16           3
    0.000000000E+00    1.000000000E+00
    2           1           1           0           0
       1.000000000E+00       2.000000000E+02
    0.000000000E+00    1.000000000E+00
    2           2           1           2           9
          16           3
    0.000000000E+00    1.000000000E+00
    3           1           1           0           0
       1.000000000E+00       2.000000000E+02
    0.000000000E+00    1.000000000E+00
    3           2           1           2           9
          16           3
    0.000000000E+00    1.000000000E+00
    4           1           1           0           0
       1.000000000E+00       2.000000000E+02
    0.000000000E+00    1.000000000E+00
    4           2           1           2           9
          16           3
    0.000000000E+00    1.000000000E+00
    5           1           1           0           0
       1.000000000E+00       2.000000000E+02
    0.000000000E+00    1.000000000E+00
    5           2           1           2           9
          16           3
    0.000000000E+00    1.000000000E+00
    6           1           1           0           0
       1.000000000E+00       2.000000000E+02
    0.000000000E+00    1.000000000E+00
    6           2           1           2           9
          16           3
    0.000000000E+00    1.000000000E+00
    7           1           1           0           0
       1.000000000E+00       2.000000000E+02
    0.000000000E+00    1.000000000E+00
    7           2           1           2           9
          16           3
    0.000000000E+00    1.000000000E+00
    8           1           1           0           0
       1.000000000E+00       2.000000000E+02
    0.000000000E+00    1.000000000E+00
    8           2           1           2           9
          16           3
    0.000000000E+00    1.000000000E+00
    9           1           1           0           0
       1.000000000E+00       2.000000000E+02
    0.000000000E+00    1.000000000E+00
    9           2           1           2           9
          16           3
    0.000000000E+00    1.000000000E+00
   10           1           1           0           0
       1.000000000E+00       2.000000000E+02
    0.000000000E+00    1.000000000E+00
   10           2           1           2           9
          16           3
    0.000000000E+00    1.000000000E+00
   11           1           1           0           0
       1.000000000E+00       2.000000000E+02
    0.000000000E+00    1.000000000E+00
   11           2           1           2           9
          16           3
    0.000000000E+00    1.000000000E+00
   12           1           1           0           0
       1.000000000E+00       2.000000000E+02
    0.000000000E+00    1.000000000E+00
   12           2           1           2           9
          16           3
    3.727294876E-12    1.000000000E+00
   13           1           1           0           0
       1.000000000E+00       2.000000000E+02
    0.000000000E+00    1.000000000E+00
   13           2           1           2           9
          16           3
    2.216123549E-09    1.000000000E+00
   14           1           1           0           0
       1.000000000E+00       2.000000000E+02
    0.000000000E+00    1.000000000E+00
   14           2           1           2           9
          16           3
    1.974483990E-09    1.000000000E+00
   15           1           1           0           0
       1.000000000E+00       2.000000000E+02
    0.000000000E+00    1.000000000E+00
   15           2           1           2           9
          16           3
    1.348059378E-08    1.000000000E+00
   16           1           1           0           0
       1.000000000E+00       2.000000000E+02
    0.000000000E+00    1.000000000E+00
   16           2           1           2           9
          16           3
    1.630776412E-08    1.000000000E+00
   17           1           1           0           0
       0.000000000E+00       0.000000000E+00
    0.000000000E+00    1.000000000E+00
   17           2           1           2           9
          16           3
    2.796977779E-06    1.000000000E+00
   18           1           1           0           0
       0.000000000E+00       0.000000000E+00
    0.000000000E+00    1.000000000E+00
   18           2           8           2           9
          16           3
    2.013570137E-03    6.150890928E-01
    7.068072795E-02    1.228093643E-01
    2.771797102E-01    2.091910181E-01
    1.450538451E+00    4.012349927E-02
    7.241505036E+00    9.928745895E-03
    3.631134099E+01    2.346260580E-03
    3.812182426E+02    2.926043840E-04
    1.930119296E+03    2.194146293E-04
   19           1           1           0           0
       0.000000000E+00       0.000000000E+00
    0.000000000E+00    1.000000000E+00
   19           2          12           2           9
          16           3
    4.744469085E-03    1.718133255E-01
    4.514227143E-02    5.886360719E-02
    1.979923817E-01    1.731904617E-01
    8.725605290E-01    2.699624531E-01
    2.769261693E+00    2.422582772E-01
    1.186695020E+01    5.899552572E-02
    5.168859803E+01    1.814140434E-02
    2.093529369E+02    3.630683583E-03
    1.095161158E+03    1.360130403E-03
    4.683973171E+03    5.868280469E-04
    1.949205059E+04    4.665123099E-04
    1.067907148E+05    7.307909458E-04
   20           1           1           0           0
       0.000000000E+00       0.000000000E+00
    0.000000000E+00    1.000000000E+00
   20           2           1           2           9
          16           3
    9.337007690E-04    1.000000000E+00
   21           1           1           0           0
       0.000000000E+00       0.000000000E+00
    0.000000000E+00    1.000000000E+00
   21           2           1           2           9
          16           3
    9.593703415E-04    1.000000000E+00
   22           1           1           0           0
       0.000000000E+00       0.000000000E+00
    0.000000000E+00    1.000000000E+00
   22           2           1           2           9
          16           3
    2.160359136E-10    1.000000000E+00
   23           1           1           0           0
       0.000000000E+00       0.000000000E+00
    0.000000000E+00    1.000000000E+00
   23           2           1           2           9
          16           3
    3.765870831E-04    1.000000000E+00
   24           1           1           0           0
       0.000000000E+00       0.000000000E+00
    0.000000000E+00    1.000000000E+00
   24           2          12           2           9
          16           3
    1.980281297E-03    7.249691248E-01
    4.711629079E-02    1.131744271E-01
    2.475377390E-01    5.148341821E-02
    1.357479887E+00    3.353652314E-02
    6.794022555E+00    5.523650463E-02
    2.677657983E+01    1.640935009E-02
    1.366432567E+02    3.460564563E-03
    6.877841884E+02    5.876285835E-04
    4.140252224E+03    4.968939986E-04
    2.000167348E+04    2.989418405E-04
    1.156512555E+05    1.249772918E-04
    4.125723469E+05    2.216457688E-04
   25           1           1           0           0
       0.000000000E+00       0.000000000E+00
    0.000000000E+00    1.000000000E+00
   25           2           1           2           9
          16           3
    7.410683997E-07    1.000000000E+00
   26           1           1           0           0
       0.000000000E+00       0.000000000E+00
    0.000000000E+00    1.000000000E+00
   26           2           5           2           9
          16           3
    7.088927932E-04    9.125849749E-01
    4.851441737E-01    7.149563995E-02
    3.768272750E+00    1.460024633E-02
    9.085692197E+01    9.360771306E-04
    2.395985911E+03    3.830616513E-04
   27           1           1           0           0
       0.000000000E+00       0.000000000E+00
    0.000000000E+00    1.000000000E+00
   27           2           1           2           9
          16           3
    1.018690480E-04    1.000000000E+00
   28           1           1           0           0
       0.000000000E+00       0.000000000E+00
    0.000000000E+00    1.000000000E+00
   28           2           5           2           9
          16           3
    1.587621880E-03    8.118866062E-01
    7.695409785E-02    1.561682431E-01
    4.434631819E-01    2.698296633E-02
    3.005401490E+00    3.573431205E-03
    2.921043588E+01    1.388753209E-03
   29           1           1           0           0
       0.000000000E+00       0.000000000E+00
    0.000000000E+00    1.000000000E+00
   29           2           1           2           9
          16           3
    1.712609371E-03    1.000000000E+00
   30           1           1           0           0
       0.000000000E+00       0.000000000E+00
    0.000000000E+00    1.000000000E+00
   30           2           1           2           9
          16           3
    1.433886939E-04    1.000000000E+00
*END
*BLOCK: TYPE =    6: SUBTYPE =    0: version =    1
Thermal source function.
Type of data: polynomial
Degree of polynomial =      4: Reference temperature =  2.224859546E+02
Coefficients in each band.
Band          w/m2
    1       -1.111157940E-04     3.833874244E-03     1.206090700E-05
            -5.722334802E-06     1.068745631E-06
    2       -1.638660130E-04     3.803059124E-03     2.606034378E-05
            -1.236387600E-05     2.309129799E-06
    3       -4.026895241E-04     7.556659845E-03     8.231375830E-05
            -3.904696877E-05     7.291842377E-06
    4       -9.833600315E-04     1.497833533E-02     2.598284043E-04
            -1.232290296E-04     2.300908696E-05
    5       -2.381406830E-03     2.957326088E-02     8.193289283E-04
            -3.884630804E-04     7.251710703E-05
    6       -5.703073080E-03     5.802434786E-02     2.579418574E-03
            -1.222368657E-03     2.281098896E-04
    7       -1.345238477E-02     1.126979952E-01     8.099528417E-03
            -3.835363424E-03     7.153419475E-04
    8       -3.107156669E-02     2.152830672E-01     2.532865826E-02
            -1.197922503E-02     2.232353086E-03
    9       -6.965423707E-02     3.999813890E-01     7.869295444E-02
            -3.714545740E-02     6.912639775E-03
   10       -1.494196532E-01     7.081179952E-01     2.419813347E-01
            -1.138655936E-01     2.114329998E-02
   11       -2.993473990E-01     1.145425084E+00     7.320609817E-01
            -3.427351885E-01     6.341404716E-02
   12       -5.341165371E-01     1.519113923E+00     2.158338042E+00
            -1.002131392E+00     1.843288939E-01
   13       -7.538050784E-01     9.647770751E-01     6.109519815E+00
            -2.797491484E+00     5.094689443E-01
   14       -4.608517725E-01    -3.102689377E+00     1.621492430E+01
            -7.247056099E+00     1.296822378E+00
   15        1.741500556E+00    -1.633326886E+01     3.883494379E+01
            -1.659135811E+01     2.870190046E+00
   16        8.208947819E+00    -4.588687814E+01     7.861731961E+01
            -3.050159248E+01     4.876837762E+00
   17        1.937361583E+01    -8.673021568E+01     1.177354893E+02
            -3.414189360E+01     3.904145948E+00
   18        2.552678894E+01    -9.125030576E+01     7.952810794E+01
             1.854264990E+01    -9.198526518E+00
   19        3.723124076E+00     2.918739915E+01    -1.475158746E+02
             1.788436446E+02    -4.195702233E+01
   20       -5.178841602E+01     2.686206096E+02    -5.016243358E+02
             3.747188449E+02    -7.289289080E+01
   21       -8.582140847E+01     3.756488689E+02    -5.801021459E+02
             3.453100651E+02    -4.534092903E+01
   22       -3.828838688E+01     1.306540571E+02    -1.196362866E+02
            -1.896271327E+01     5.003644223E+01
   23        3.848617753E+01    -2.006170662E+02     3.947679089E+02
            -3.484694684E+02     1.167853721E+02
   24        5.312191801E+01    -2.426106948E+02     4.142988498E+02
            -3.143270655E+02     8.967366537E+01
   25        2.336379759E+01    -1.026583249E+02     1.675230725E+02
            -1.205066279E+02     3.230285182E+01
   26        4.339196075E+00    -1.868258789E+01     2.976831656E+01
            -2.082239422E+01     5.401464129E+00
   27        3.259088292E-01    -1.385409910E+00     2.174934337E+00
            -1.495338547E+00     3.802412794E-01
   28        8.635930548E-03    -3.639147363E-02     5.655890561E-02
            -3.844025814E-02     9.646861291E-03
   29        6.568435648E-05    -2.750629686E-04     4.244498710E-04
            -2.861429713E-04     7.115391685E-05
   30        1.083883984E-07    -4.517959830E-07     6.935141699E-07
            -4.647740697E-07     1.148108898E-07
*END
*BLOCK: TYPE =    8: SUBTYPE =    0: VERSION =    0
Continuum absorbers in each interval
(The number is the indexing number of each type as set out
 in the module rad_pcf.)
A zero indicates that there is no continuum absorption in the interval.
Band         Number of active continua followed by indexing numbers
    1           0
    2           0
    3           0
    4           0
    5           0
    6           0
    7           0
    8           0
    9           0
   10           0
   11           0
   12           0
   13           0
   14           0
   15           0
   16           0
   17           0
   18           0
   19           0
   20           0
   21           0
   22           0
   23           0
   24           0
   25           0
   26           0
   27           0
   28           0
   29           0
   30           0
Indexing numbers of gases for continua:
     Index of water =     1
*END
