*BLOCK: k-table     

Lookup table:   16 pressures,    3 temperatures.
 1.000000E+00 1.900000E+02 2.400000E+02 2.900000E+02
 2.150000E+00 1.900000E+02 2.400000E+02 2.900000E+02
 4.640000E+00 1.900000E+02 2.400000E+02 2.900000E+02
 1.000000E+01 1.900000E+02 2.400000E+02 2.900000E+02
 2.150000E+01 1.900000E+02 2.400000E+02 2.900000E+02
 4.640000E+01 1.900000E+02 2.400000E+02 2.900000E+02
 1.000000E+02 1.900000E+02 2.400000E+02 2.900000E+02
 2.150000E+02 1.900000E+02 2.400000E+02 2.900000E+02
 4.640000E+02 1.900000E+02 2.400000E+02 2.900000E+02
 1.000000E+03 1.900000E+02 2.400000E+02 2.900000E+02
 2.150000E+03 1.900000E+02 2.400000E+02 2.900000E+02
 4.640000E+03 1.900000E+02 2.400000E+02 2.900000E+02
 1.000000E+04 1.900000E+02 2.400000E+02 2.900000E+02
 2.150000E+04 1.900000E+02 2.400000E+02 2.900000E+02
 4.640000E+04 1.900000E+02 2.400000E+02 2.900000E+02
 1.000000E+05 1.900000E+02 2.400000E+02 2.900000E+02

Band:    1, gas:    2, k-terms:    1
 0.000000E+00 0.000000E+00 0.000000E+00
 0.000000E+00 0.000000E+00 0.000000E+00
 0.000000E+00 0.000000E+00 0.000000E+00
 0.000000E+00 0.000000E+00 0.000000E+00
 0.000000E+00 0.000000E+00 0.000000E+00
 0.000000E+00 0.000000E+00 0.000000E+00
 0.000000E+00 0.000000E+00 0.000000E+00
 0.000000E+00 0.000000E+00 0.000000E+00
 0.000000E+00 0.000000E+00 0.000000E+00
 0.000000E+00 0.000000E+00 0.000000E+00
 0.000000E+00 0.000000E+00 0.000000E+00
 0.000000E+00 0.000000E+00 0.000000E+00
 0.000000E+00 0.000000E+00 0.000000E+00
 0.000000E+00 0.000000E+00 0.000000E+00
 0.000000E+00 0.000000E+00 0.000000E+00
 0.000000E+00 0.000000E+00 0.000000E+00

Band:    2, gas:    2, k-terms:    1
 0.000000E+00 0.000000E+00 0.000000E+00
 0.000000E+00 0.000000E+00 0.000000E+00
 0.000000E+00 0.000000E+00 0.000000E+00
 0.000000E+00 0.000000E+00 0.000000E+00
 0.000000E+00 0.000000E+00 0.000000E+00
 0.000000E+00 0.000000E+00 0.000000E+00
 0.000000E+00 0.000000E+00 0.000000E+00
 0.000000E+00 0.000000E+00 0.000000E+00
 0.000000E+00 0.000000E+00 0.000000E+00
 0.000000E+00 0.000000E+00 0.000000E+00
 0.000000E+00 0.000000E+00 0.000000E+00
 0.000000E+00 0.000000E+00 0.000000E+00
 0.000000E+00 0.000000E+00 0.000000E+00
 0.000000E+00 0.000000E+00 0.000000E+00
 0.000000E+00 0.000000E+00 0.000000E+00
 0.000000E+00 0.000000E+00 0.000000E+00

Band:    3, gas:    2, k-terms:    1
 0.000000E+00 0.000000E+00 0.000000E+00
 0.000000E+00 0.000000E+00 0.000000E+00
 0.000000E+00 0.000000E+00 0.000000E+00
 0.000000E+00 0.000000E+00 0.000000E+00
 0.000000E+00 0.000000E+00 0.000000E+00
 0.000000E+00 0.000000E+00 0.000000E+00
 0.000000E+00 0.000000E+00 0.000000E+00
 0.000000E+00 0.000000E+00 0.000000E+00
 0.000000E+00 0.000000E+00 0.000000E+00
 0.000000E+00 0.000000E+00 0.000000E+00
 0.000000E+00 0.000000E+00 0.000000E+00
 0.000000E+00 0.000000E+00 0.000000E+00
 0.000000E+00 0.000000E+00 0.000000E+00
 0.000000E+00 0.000000E+00 0.000000E+00
 0.000000E+00 0.000000E+00 0.000000E+00
 0.000000E+00 0.000000E+00 0.000000E+00

Band:    4, gas:    2, k-terms:    1
 0.000000E+00 0.000000E+00 0.000000E+00
 0.000000E+00 0.000000E+00 0.000000E+00
 0.000000E+00 0.000000E+00 0.000000E+00
 0.000000E+00 0.000000E+00 0.000000E+00
 0.000000E+00 0.000000E+00 0.000000E+00
 0.000000E+00 0.000000E+00 0.000000E+00
 0.000000E+00 0.000000E+00 0.000000E+00
 0.000000E+00 0.000000E+00 0.000000E+00
 0.000000E+00 0.000000E+00 0.000000E+00
 0.000000E+00 0.000000E+00 0.000000E+00
 0.000000E+00 0.000000E+00 0.000000E+00
 0.000000E+00 0.000000E+00 0.000000E+00
 0.000000E+00 0.000000E+00 0.000000E+00
 0.000000E+00 0.000000E+00 0.000000E+00
 0.000000E+00 0.000000E+00 0.000000E+00
 0.000000E+00 0.000000E+00 0.000000E+00

Band:    5, gas:    2, k-terms:    1
 0.000000E+00 0.000000E+00 0.000000E+00
 0.000000E+00 0.000000E+00 0.000000E+00
 0.000000E+00 0.000000E+00 0.000000E+00
 0.000000E+00 0.000000E+00 0.000000E+00
 0.000000E+00 0.000000E+00 0.000000E+00
 0.000000E+00 0.000000E+00 0.000000E+00
 0.000000E+00 0.000000E+00 0.000000E+00
 0.000000E+00 0.000000E+00 0.000000E+00
 0.000000E+00 0.000000E+00 0.000000E+00
 0.000000E+00 0.000000E+00 0.000000E+00
 0.000000E+00 0.000000E+00 0.000000E+00
 0.000000E+00 0.000000E+00 0.000000E+00
 0.000000E+00 0.000000E+00 0.000000E+00
 0.000000E+00 0.000000E+00 0.000000E+00
 0.000000E+00 0.000000E+00 0.000000E+00
 0.000000E+00 0.000000E+00 0.000000E+00

Band:    6, gas:    2, k-terms:    1
 0.000000E+00 0.000000E+00 0.000000E+00
 0.000000E+00 0.000000E+00 0.000000E+00
 0.000000E+00 0.000000E+00 0.000000E+00
 0.000000E+00 0.000000E+00 0.000000E+00
 0.000000E+00 0.000000E+00 0.000000E+00
 0.000000E+00 0.000000E+00 0.000000E+00
 0.000000E+00 0.000000E+00 0.000000E+00
 0.000000E+00 0.000000E+00 0.000000E+00
 0.000000E+00 0.000000E+00 0.000000E+00
 0.000000E+00 0.000000E+00 0.000000E+00
 0.000000E+00 0.000000E+00 0.000000E+00
 0.000000E+00 0.000000E+00 0.000000E+00
 0.000000E+00 0.000000E+00 0.000000E+00
 0.000000E+00 0.000000E+00 0.000000E+00
 0.000000E+00 0.000000E+00 0.000000E+00
 0.000000E+00 0.000000E+00 0.000000E+00

Band:    7, gas:    2, k-terms:    1
 0.000000E+00 0.000000E+00 0.000000E+00
 0.000000E+00 0.000000E+00 0.000000E+00
 0.000000E+00 0.000000E+00 0.000000E+00
 0.000000E+00 0.000000E+00 0.000000E+00
 0.000000E+00 0.000000E+00 0.000000E+00
 0.000000E+00 0.000000E+00 0.000000E+00
 0.000000E+00 0.000000E+00 0.000000E+00
 0.000000E+00 0.000000E+00 0.000000E+00
 0.000000E+00 0.000000E+00 0.000000E+00
 0.000000E+00 0.000000E+00 0.000000E+00
 0.000000E+00 0.000000E+00 0.000000E+00
 0.000000E+00 0.000000E+00 0.000000E+00
 0.000000E+00 0.000000E+00 0.000000E+00
 0.000000E+00 0.000000E+00 0.000000E+00
 0.000000E+00 0.000000E+00 0.000000E+00
 0.000000E+00 0.000000E+00 0.000000E+00

Band:    8, gas:    2, k-terms:    1
 0.000000E+00 0.000000E+00 0.000000E+00
 0.000000E+00 0.000000E+00 0.000000E+00
 0.000000E+00 0.000000E+00 0.000000E+00
 0.000000E+00 0.000000E+00 0.000000E+00
 0.000000E+00 0.000000E+00 0.000000E+00
 0.000000E+00 0.000000E+00 0.000000E+00
 0.000000E+00 0.000000E+00 0.000000E+00
 0.000000E+00 0.000000E+00 0.000000E+00
 0.000000E+00 0.000000E+00 0.000000E+00
 0.000000E+00 0.000000E+00 0.000000E+00
 0.000000E+00 0.000000E+00 0.000000E+00
 0.000000E+00 0.000000E+00 0.000000E+00
 0.000000E+00 0.000000E+00 0.000000E+00
 0.000000E+00 0.000000E+00 0.000000E+00
 0.000000E+00 0.000000E+00 0.000000E+00
 0.000000E+00 0.000000E+00 0.000000E+00

Band:    9, gas:    2, k-terms:    1
 0.000000E+00 0.000000E+00 0.000000E+00
 0.000000E+00 0.000000E+00 0.000000E+00
 0.000000E+00 0.000000E+00 0.000000E+00
 0.000000E+00 0.000000E+00 0.000000E+00
 0.000000E+00 0.000000E+00 0.000000E+00
 0.000000E+00 0.000000E+00 0.000000E+00
 0.000000E+00 0.000000E+00 0.000000E+00
 0.000000E+00 0.000000E+00 0.000000E+00
 0.000000E+00 0.000000E+00 0.000000E+00
 0.000000E+00 0.000000E+00 0.000000E+00
 0.000000E+00 0.000000E+00 0.000000E+00
 0.000000E+00 0.000000E+00 0.000000E+00
 0.000000E+00 0.000000E+00 0.000000E+00
 0.000000E+00 0.000000E+00 0.000000E+00
 0.000000E+00 0.000000E+00 0.000000E+00
 0.000000E+00 0.000000E+00 0.000000E+00

Band:   10, gas:    2, k-terms:    1
 0.000000E+00 0.000000E+00 0.000000E+00
 0.000000E+00 0.000000E+00 0.000000E+00
 0.000000E+00 0.000000E+00 0.000000E+00
 0.000000E+00 0.000000E+00 0.000000E+00
 0.000000E+00 0.000000E+00 0.000000E+00
 0.000000E+00 0.000000E+00 0.000000E+00
 0.000000E+00 0.000000E+00 0.000000E+00
 0.000000E+00 0.000000E+00 0.000000E+00
 0.000000E+00 0.000000E+00 0.000000E+00
 0.000000E+00 0.000000E+00 0.000000E+00
 0.000000E+00 0.000000E+00 0.000000E+00
 0.000000E+00 0.000000E+00 0.000000E+00
 0.000000E+00 0.000000E+00 0.000000E+00
 0.000000E+00 0.000000E+00 0.000000E+00
 0.000000E+00 0.000000E+00 0.000000E+00
 0.000000E+00 0.000000E+00 0.000000E+00

Band:   11, gas:    2, k-terms:    1
 0.000000E+00 0.000000E+00 0.000000E+00
 0.000000E+00 0.000000E+00 0.000000E+00
 0.000000E+00 0.000000E+00 0.000000E+00
 0.000000E+00 0.000000E+00 0.000000E+00
 0.000000E+00 0.000000E+00 0.000000E+00
 0.000000E+00 0.000000E+00 0.000000E+00
 0.000000E+00 0.000000E+00 0.000000E+00
 0.000000E+00 0.000000E+00 0.000000E+00
 0.000000E+00 0.000000E+00 0.000000E+00
 0.000000E+00 0.000000E+00 0.000000E+00
 0.000000E+00 0.000000E+00 0.000000E+00
 0.000000E+00 0.000000E+00 0.000000E+00
 0.000000E+00 0.000000E+00 0.000000E+00
 0.000000E+00 0.000000E+00 0.000000E+00
 0.000000E+00 0.000000E+00 0.000000E+00
 0.000000E+00 0.000000E+00 0.000000E+00

Band:   12, gas:    2, k-terms:    1
 1.472185E-13 2.255226E-11 5.461374E-10
 1.482446E-13 2.260341E-11 5.463569E-10
 1.503650E-13 2.270823E-11 5.467344E-10
 1.544775E-13 2.290590E-11 5.473548E-10
 1.614825E-13 2.322457E-11 5.475258E-10
 1.699453E-13 2.350076E-11 5.434466E-10
 1.698160E-13 2.289218E-11 5.213188E-10
 1.434498E-13 1.968831E-11 4.524173E-10
 9.453341E-14 1.361092E-11 3.242620E-10
 5.449497E-14 7.967363E-12 1.939236E-10
 3.556545E-14 4.986349E-12 1.182126E-10
 2.965774E-14 3.973562E-12 9.053961E-11
 2.862626E-14 3.745651E-12 8.366532E-11
 2.882596E-14 3.725837E-12 8.271718E-11
 2.939544E-14 3.718331E-12 8.205478E-11
 3.092244E-14 3.727295E-12 8.101768E-11

Band:   13, gas:    2, k-terms:    1
 8.589286E-11 2.820108E-09 2.830481E-08
 8.522301E-11 2.805298E-09 2.819696E-08
 8.380539E-11 2.773785E-09 2.796642E-08
 8.090031E-11 2.708333E-09 2.748362E-08
 7.527920E-11 2.578153E-09 2.650666E-08
 6.545650E-11 2.337800E-09 2.463821E-08
 5.169387E-11 1.964739E-09 2.153264E-08
 3.880496E-11 1.548199E-09 1.759931E-08
 3.455969E-11 1.331206E-09 1.483222E-08
 4.204270E-11 1.509689E-09 1.564186E-08
 5.360671E-11 1.906948E-09 1.912949E-08
 5.958702E-11 2.159434E-09 2.177240E-08
 6.063163E-11 2.217718E-09 2.252418E-08
 6.064591E-11 2.220130E-09 2.257392E-08
 6.060664E-11 2.218868E-09 2.256266E-08
 6.052189E-11 2.216124E-09 2.253772E-08

Band:   14, gas:    2, k-terms:    1
 1.828168E-13 1.950343E-11 4.631959E-10
 2.789034E-13 2.277874E-11 4.946830E-10
 4.867682E-13 2.985774E-11 5.626934E-10
 9.333278E-13 4.503621E-11 7.083233E-10
 1.886952E-12 7.732103E-11 1.017234E-09
 3.927611E-12 1.458709E-10 1.669670E-09
 8.184985E-12 2.869336E-10 2.999872E-09
 1.658203E-11 5.599392E-10 5.540944E-09
 3.112234E-11 1.029959E-09 9.875203E-09
 4.810952E-11 1.627663E-09 1.559911E-08
 5.568371E-11 1.987033E-09 1.970021E-08
 5.512420E-11 2.006582E-09 2.030811E-08
 5.458320E-11 1.980323E-09 2.000460E-08
 5.454798E-11 1.977997E-09 1.996263E-08
 5.451005E-11 1.976880E-09 1.995288E-08
 5.442844E-11 1.974484E-09 1.993232E-08

Band:   15, gas:    2, k-terms:    1
 6.193186E-12 7.409780E-10 1.626239E-08
 6.659014E-12 7.559918E-10 1.639256E-08
 7.666963E-12 7.884901E-10 1.667436E-08
 9.835684E-12 8.583998E-10 1.728082E-08
 1.448039E-11 1.008169E-09 1.858117E-08
 2.449312E-11 1.331295E-09 2.139179E-08
 4.578193E-11 2.020153E-09 2.740692E-08
 8.957268E-11 3.451938E-09 4.002511E-08
 1.702734E-10 6.200232E-09 6.492515E-08
 2.711191E-10 1.008937E-08 1.029170E-07
 3.264093E-10 1.282620E-08 1.350482E-07
 3.359655E-10 1.346000E-08 1.444001E-07
 3.366029E-10 1.349055E-08 1.448392E-07
 3.366237E-10 1.348904E-08 1.447870E-07
 3.366296E-10 1.348657E-08 1.447527E-07
 3.366083E-10 1.348059E-08 1.446756E-07

Band:   16, gas:    2, k-terms:    1
 5.784478E-10 2.067034E-08 2.147956E-07
 5.770679E-10 2.064271E-08 2.146553E-07
 5.741179E-10 2.058349E-08 2.143541E-07
 5.679402E-10 2.045879E-08 2.137170E-07
 5.554398E-10 2.020356E-08 2.124008E-07
 5.315407E-10 1.970354E-08 2.097701E-07
 4.918243E-10 1.882934E-08 2.049794E-07
 4.409267E-10 1.763621E-08 1.976155E-07
 3.995167E-10 1.639351E-08 1.891130E-07
 3.921144E-10 1.585333E-08 1.836496E-07
 4.137369E-10 1.623157E-08 1.843926E-07
 4.232066E-10 1.644294E-08 1.847657E-07
 4.228084E-10 1.635785E-08 1.827464E-07
 4.225489E-10 1.634216E-08 1.823985E-07
 4.221160E-10 1.633109E-08 1.823079E-07
 4.212088E-10 1.630776E-08 1.821199E-07

Band:   17, gas:    2, k-terms:    1
 2.015793E-07 4.711839E-06 2.451085E-05
 2.014368E-07 4.710648E-06 2.452608E-05
 2.011288E-07 4.708081E-06 2.455880E-05
 2.004681E-07 4.702464E-06 2.462808E-05
 1.990667E-07 4.690193E-06 2.477159E-05
 1.961044E-07 4.662479E-06 2.505958E-05
 1.900343E-07 4.598894E-06 2.558628E-05
 1.783505E-07 4.453954E-06 2.637857E-05
 1.584217E-07 4.150366E-06 2.712254E-05
 1.326433E-07 3.657298E-06 2.696941E-05
 1.104584E-07 3.139293E-06 2.561211E-05
 9.987991E-08 2.837530E-06 2.431862E-05
 9.791887E-08 2.765158E-06 2.405134E-05
 9.812093E-08 2.768553E-06 2.425464E-05
 9.865335E-08 2.779582E-06 2.445229E-05
 9.960011E-08 2.796845E-06 2.464906E-05

Band:   18, gas:    2, k-terms:    8
 1.193581E-08 1.313909E-07 6.863894E-07
 2.475568E-08 2.648395E-07 1.365255E-06
 5.163927E-08 5.402215E-07 2.729989E-06
 1.081383E-07 1.106371E-06 5.488787E-06
 2.271308E-07 2.285612E-06 1.110928E-05
 4.802530E-07 4.785912E-06 2.270299E-05
 1.014674E-06 1.003280E-05 4.683469E-05
 2.146929E-06 2.099112E-05 9.652368E-05
 4.538025E-06 4.391978E-05 1.987954E-04
 9.454420E-06 9.085898E-05 4.024276E-04
 1.946544E-05 1.821300E-04 7.795248E-04
 3.966806E-05 3.517849E-04 1.414474E-03
 7.608215E-05 6.497245E-04 2.358071E-03
 1.339490E-04 1.083275E-03 3.586362E-03
 1.968277E-04 1.570551E-03 4.948286E-03
 2.642224E-04 2.029798E-03 6.208745E-03
 6.710811E-07 3.158106E-06 1.030307E-05
 1.404726E-06 6.445453E-06 2.022953E-05
 2.953259E-06 1.332718E-05 4.055930E-05
 6.212123E-06 2.774945E-05 8.208598E-05
 1.312094E-05 5.790733E-05 1.672371E-04
 2.786826E-05 1.218113E-04 3.447402E-04
 5.907317E-05 2.560190E-04 7.146107E-04
 1.248396E-04 5.371956E-04 1.481417E-03
 2.639281E-04 1.130763E-03 3.081049E-03
 5.554432E-04 2.342521E-03 6.291663E-03
 1.144597E-03 4.793124E-03 1.252189E-02
 2.266032E-03 9.608998E-03 2.474546E-02
 4.211091E-03 1.810565E-02 4.833533E-02
 7.194955E-03 3.202495E-02 8.719923E-02
 1.153272E-02 5.483679E-02 1.498629E-01
 1.733343E-02 8.678972E-02 2.425796E-01
 9.819681E-06 5.035076E-05 2.109211E-04
 2.002690E-05 9.515459E-05 3.610722E-04
 4.131337E-05 1.822854E-04 6.369092E-04
 8.631730E-05 3.571831E-04 1.137789E-03
 1.793482E-04 7.043055E-04 2.048404E-03
 3.728023E-04 1.388000E-03 3.680614E-03
 7.739297E-04 2.690274E-03 6.551908E-03
 1.576643E-03 5.081402E-03 1.165606E-02
 3.126346E-03 9.403855E-03 2.161757E-02
 5.963154E-03 1.755833E-02 4.293911E-02
 1.100822E-02 3.429778E-02 8.617507E-02
 2.052292E-02 6.757964E-02 1.670876E-01
 3.944785E-02 1.282168E-01 3.051910E-01
 7.562981E-02 2.330584E-01 5.275954E-01
 1.439134E-01 4.107019E-01 8.728007E-01
 2.568335E-01 6.995199E-01 1.390678E+00
 5.356291E-04 3.260348E-03 1.270159E-02
 9.475555E-04 4.688045E-03 1.630910E-02
 1.671616E-03 7.014373E-03 2.271287E-02
 2.925211E-03 1.088850E-02 3.468297E-02
 5.117708E-03 1.789808E-02 5.695467E-02
 8.934487E-03 3.224971E-02 9.889420E-02
 1.586633E-02 6.191308E-02 1.777391E-01
 2.996720E-02 1.194544E-01 3.277764E-01
 5.943721E-02 2.291594E-01 6.077016E-01
 1.163844E-01 4.288985E-01 1.099278E+00
 2.197929E-01 7.788304E-01 1.908727E+00
 4.008853E-01 1.337429E+00 3.142227E+00
 7.361686E-01 2.219187E+00 4.832870E+00
 1.206546E+00 3.487632E+00 7.171457E+00
 1.575605E+00 4.474776E+00 8.938485E+00
 1.555478E+00 4.389495E+00 8.647893E+00
 2.241834E-02 2.162884E-01 1.376800E+00
 3.189097E-02 2.609639E-01 1.457586E+00
 4.930560E-02 3.356180E-01 1.633342E+00
 7.978772E-02 4.580835E-01 1.931668E+00
 1.336061E-01 6.627548E-01 2.400473E+00
 2.311570E-01 1.012207E+00 3.180789E+00
 4.022988E-01 1.622024E+00 4.535379E+00
 7.207070E-01 2.643134E+00 6.828535E+00
 1.285636E+00 4.322788E+00 1.051199E+01
 2.292761E+00 7.174618E+00 1.596089E+01
 4.305650E+00 1.201524E+01 2.412679E+01
 7.109696E+00 1.965439E+01 3.762090E+01
 8.924385E+00 2.547162E+01 4.910601E+01
 8.053644E+00 2.375451E+01 4.689699E+01
 6.181152E+00 1.872048E+01 3.777889E+01
 5.204292E+00 1.562138E+01 3.180258E+01
 1.523642E+00 1.350906E+01 5.384630E+01
 1.564907E+00 1.357747E+01 5.390088E+01
 1.676642E+00 1.379643E+01 5.401590E+01
 1.930721E+00 1.420504E+01 5.446886E+01
 2.463849E+00 1.515516E+01 5.552883E+01
 3.569214E+00 1.717350E+01 5.800776E+01
 6.224288E+00 2.201952E+01 6.404530E+01
 1.168034E+01 3.570249E+01 7.920261E+01
 2.133927E+01 6.229848E+01 1.219486E+02
 3.524164E+01 9.823399E+01 1.896154E+02
 4.382929E+01 1.229718E+02 2.358809E+02
 4.014702E+01 1.111598E+02 2.114101E+02
 3.216521E+01 8.767331E+01 1.630145E+02
 2.806636E+01 7.563393E+01 1.383933E+02
 2.565727E+01 6.676323E+01 1.183301E+02
 2.188619E+01 5.809932E+01 1.040531E+02
 9.226827E+01 3.709670E+02 8.479969E+02
 9.270261E+01 3.716888E+02 8.487253E+02
 9.363488E+01 3.732356E+02 8.502860E+02
 9.559303E+01 3.764911E+02 8.535693E+02
 9.958037E+01 3.831458E+02 8.602725E+02
 1.073041E+02 3.961149E+02 8.732697E+02
 1.204050E+02 4.182405E+02 8.950372E+02
 1.368184E+02 4.455512E+02 9.193140E+02
 1.659430E+02 4.508454E+02 9.083111E+02
 1.624343E+02 4.435227E+02 7.901763E+02
 1.277845E+02 3.450210E+02 6.302860E+02
 8.992081E+01 2.284457E+02 4.204412E+02
 5.453312E+01 1.478348E+02 2.682299E+02
 4.413065E+01 1.055162E+02 1.798608E+02
 3.613784E+01 8.947191E+01 1.513991E+02
 2.691843E+01 7.016921E+01 1.232563E+02
 7.117499E+02 1.932187E+03 3.430995E+03
 7.111121E+02 1.930479E+03 3.428154E+03
 7.097261E+02 1.926779E+03 3.422011E+03
 7.067210E+02 1.918817E+03 3.408818E+03
 7.001847E+02 1.901749E+03 3.380662E+03
 6.857223E+02 1.864896E+03 3.320346E+03
 6.539320E+02 1.786879E+03 3.194314E+03
 5.874081E+02 1.628584E+03 2.941732E+03
 4.669914E+02 1.339848E+03 2.478683E+03
 3.174073E+02 9.311486E+02 1.793371E+03
 1.890352E+02 5.728439E+02 1.150613E+03
 1.039539E+02 3.271048E+02 6.575963E+02
 5.970664E+01 1.687691E+02 3.417839E+02
 4.550434E+01 1.091146E+02 1.889696E+02
 3.685655E+01 9.097669E+01 1.534548E+02
 2.717572E+01 7.080826E+01 1.241525E+02

Band:   19, gas:    2, k-terms:   12
 1.885546E-08 2.093427E-07 1.091794E-06
 3.929566E-08 4.238356E-07 2.185379E-06
 8.238840E-08 8.688579E-07 4.408952E-06
 1.725436E-07 1.785393E-06 8.893326E-06
 3.613796E-07 3.693832E-06 1.798928E-05
 7.641096E-07 7.731302E-06 3.675672E-05
 1.620009E-06 1.621854E-05 7.577580E-05
 3.434795E-06 3.381468E-05 1.566815E-04
 7.261686E-06 7.089297E-05 3.251210E-04
 1.513967E-05 1.484829E-04 6.642854E-04
 3.143788E-05 3.042449E-04 1.329491E-03
 6.486595E-05 6.047138E-04 2.563732E-03
 1.271174E-04 1.164315E-03 4.619021E-03
 2.374123E-04 2.061003E-03 7.746112E-03
 4.112126E-04 3.336365E-03 1.201828E-02
 6.025583E-04 4.784982E-03 1.725276E-02
 3.432183E-07 2.161670E-06 6.709539E-06
 7.052151E-07 4.411233E-06 1.359606E-05
 1.463500E-06 9.120365E-06 2.770021E-05
 3.064882E-06 1.903430E-05 5.663269E-05
 6.391682E-06 3.983560E-05 1.166150E-04
 1.336916E-05 8.335630E-05 2.422284E-04
 2.795934E-05 1.743531E-04 5.045803E-04
 5.832428E-05 3.664809E-04 1.055305E-03
 1.229150E-04 7.718955E-04 2.203613E-03
 2.591458E-04 1.593134E-03 4.591865E-03
 5.347170E-04 3.218789E-03 9.461805E-03
 1.059880E-03 6.444041E-03 1.886177E-02
 2.028113E-03 1.195716E-02 3.701734E-02
 3.553711E-03 2.072585E-02 6.709936E-02
 5.538756E-03 3.309882E-02 1.092458E-01
 7.967603E-03 5.023896E-02 1.671562E-01
 3.635195E-06 1.380545E-05 3.983401E-05
 7.607058E-06 2.840016E-05 7.930164E-05
 1.598898E-05 5.872006E-05 1.587636E-04
 3.361739E-05 1.216612E-04 3.218140E-04
 7.064681E-05 2.534795E-04 6.564726E-04
 1.499568E-04 5.277185E-04 1.342695E-03
 3.186504E-04 1.094519E-03 2.725459E-03
 6.737215E-04 2.245187E-03 5.464390E-03
 1.418670E-03 4.552408E-03 1.076440E-02
 2.922988E-03 9.026398E-03 2.106607E-02
 5.844925E-03 1.758323E-02 4.226483E-02
 1.134075E-02 3.476563E-02 8.537885E-02
 2.145286E-02 6.880434E-02 1.642873E-01
 4.048966E-02 1.299821E-01 2.990097E-01
 7.686898E-02 2.351633E-01 5.146044E-01
 1.410748E-01 4.138612E-01 8.557457E-01
 1.101798E-04 1.921043E-04 3.095900E-04
 2.303169E-04 3.975021E-04 6.242377E-04
 4.820429E-04 8.236314E-04 1.267720E-03
 1.003713E-03 1.702660E-03 2.567889E-03
 2.052970E-03 3.470072E-03 5.182032E-03
 4.092767E-03 6.963257E-03 1.039615E-02
 7.783303E-03 1.365212E-02 2.082776E-02
 1.435484E-02 2.714544E-02 4.283855E-02
 2.765761E-02 5.701833E-02 8.981044E-02
 5.757690E-02 1.201071E-01 1.883509E-01
 1.205803E-01 2.502219E-01 3.904695E-01
 2.488197E-01 5.152746E-01 7.960660E-01
 5.005716E-01 1.031086E+00 1.586026E+00
 9.737630E-01 1.992736E+00 3.055495E+00
 1.744770E+00 3.625070E+00 5.626327E+00
 2.780205E+00 5.771864E+00 9.115007E+00
 1.424326E-03 2.311690E-03 4.437134E-03
 2.824026E-03 4.229220E-03 7.160404E-03
 5.492455E-03 7.675715E-03 1.197559E-02
 1.049354E-02 1.404871E-02 2.125243E-02
 2.040355E-02 2.706689E-02 4.084167E-02
 4.237356E-02 5.576956E-02 8.181526E-02
 9.010776E-02 1.163169E-01 1.661161E-01
 1.917257E-01 2.430263E-01 3.390959E-01
 4.093879E-01 5.103181E-01 6.967926E-01
 8.686583E-01 1.068627E+00 1.424648E+00
 1.822201E+00 2.212100E+00 2.876692E+00
 3.790973E+00 4.493811E+00 5.701882E+00
 7.654364E+00 8.828201E+00 1.082871E+01
 1.470945E+01 1.641079E+01 1.924182E+01
 2.812377E+01 2.870310E+01 3.152239E+01
 5.174976E+01 5.008580E+01 5.015542E+01
 2.259270E-02 5.359970E-02 1.684850E-01
 4.319234E-02 9.189724E-02 2.468781E-01
 8.588203E-02 1.637547E-01 3.814381E-01
 1.733890E-01 3.014731E-01 6.173578E-01
 3.528807E-01 5.690379E-01 1.039648E+00
 7.266816E-01 1.104676E+00 1.834316E+00
 1.499531E+00 2.193294E+00 3.360474E+00
 3.090406E+00 4.402977E+00 6.353437E+00
 6.395197E+00 8.885297E+00 1.230503E+01
 1.315419E+01 1.756539E+01 2.366827E+01
 2.627163E+01 3.351317E+01 4.373181E+01
 4.884182E+01 6.124411E+01 7.570669E+01
 8.674732E+01 1.000979E+02 1.190542E+02
 1.545116E+02 1.579506E+02 1.693998E+02
 2.431860E+02 2.410989E+02 2.376678E+02
 2.960132E+02 2.931842E+02 2.869243E+02
 7.137430E-01 2.402677E+00 9.537689E+00
 1.199823E+00 3.296344E+00 1.059219E+01
 2.080398E+00 4.863052E+00 1.276847E+01
 3.747510E+00 7.577305E+00 1.662310E+01
 6.892831E+00 1.240597E+01 2.340757E+01
 1.310417E+01 2.126672E+01 3.577156E+01
 2.555366E+01 3.798069E+01 5.788917E+01
 5.088993E+01 6.961517E+01 9.745830E+01
 1.011810E+02 1.301650E+02 1.678973E+02
 1.913579E+02 2.377628E+02 2.903881E+02
 3.419862E+02 4.035157E+02 4.734532E+02
 6.218936E+02 6.484073E+02 7.016390E+02
 9.997000E+02 1.016006E+03 1.017054E+03
 1.220771E+03 1.248818E+03 1.256683E+03
 1.072284E+03 1.105574E+03 1.118640E+03
 7.709803E+02 7.992062E+02 8.157374E+02
 2.005931E+01 1.073383E+02 3.302731E+02
 2.416154E+01 1.099009E+02 3.317314E+02
 3.329901E+01 1.150711E+02 3.345541E+02
 5.006768E+01 1.281040E+02 3.441997E+02
 8.077745E+01 1.583344E+02 3.629571E+02
 1.404253E+02 2.226397E+02 4.089035E+02
 2.473475E+02 3.361908E+02 5.112737E+02
 4.385799E+02 5.574777E+02 7.218561E+02
 7.989341E+02 9.130919E+02 1.080954E+03
 1.556942E+03 1.519704E+03 1.627484E+03
 2.876618E+03 2.636052E+03 2.522695E+03
 4.181757E+03 4.061958E+03 3.763674E+03
 4.435652E+03 4.386792E+03 4.228723E+03
 3.514211E+03 3.627625E+03 3.599688E+03
 2.813049E+03 2.991798E+03 3.085614E+03
 2.914239E+03 3.010639E+03 3.052396E+03
 3.225292E+02 1.035601E+03 2.060297E+03
 3.354857E+02 1.047720E+03 2.070205E+03
 3.637673E+02 1.072083E+03 2.090999E+03
 4.234659E+02 1.117600E+03 2.132985E+03
 5.279863E+02 1.204834E+03 2.213161E+03
 6.837420E+02 1.401401E+03 2.353321E+03
 9.884153E+02 1.692498E+03 2.687754E+03
 1.689952E+03 2.131620E+03 3.037470E+03
 3.244184E+03 3.173834E+03 3.745249E+03
 5.567997E+03 5.309810E+03 5.051849E+03
 7.845283E+03 7.577088E+03 7.169317E+03
 9.003818E+03 8.312361E+03 7.973398E+03
 7.514714E+03 7.242242E+03 6.737459E+03
 6.173309E+03 5.952864E+03 5.585951E+03
 5.930075E+03 5.672243E+03 5.323755E+03
 5.449336E+03 5.197123E+03 4.880458E+03
 2.115642E+03 4.663685E+03 7.371821E+03
 2.149009E+03 4.691566E+03 7.386407E+03
 2.219323E+03 4.751117E+03 7.417629E+03
 2.387285E+03 4.875703E+03 7.483213E+03
 2.936305E+03 5.127954E+03 7.616834E+03
 4.027716E+03 5.771559E+03 7.998320E+03
 6.594833E+03 7.499395E+03 8.765661E+03
 1.076085E+04 1.105706E+04 1.121209E+04
 1.489509E+04 1.615413E+04 1.530428E+04
 1.632294E+04 1.867884E+04 1.862486E+04
 1.564442E+04 1.588056E+04 1.634066E+04
 1.255767E+04 1.151211E+04 1.102983E+04
 9.452056E+03 9.122472E+03 8.327969E+03
 8.755969E+03 7.975072E+03 7.194622E+03
 7.855753E+03 6.974612E+03 6.130293E+03
 6.650959E+03 6.080899E+03 5.420544E+03
 1.167558E+04 1.949205E+04 2.481594E+04
 1.178963E+04 1.957661E+04 2.486882E+04
 1.203112E+04 1.975774E+04 2.498237E+04
 1.252753E+04 2.013880E+04 2.522252E+04
 1.349991E+04 2.091258E+04 2.571873E+04
 1.551749E+04 2.224938E+04 2.671049E+04
 1.918777E+04 2.451568E+04 2.851691E+04
 2.427172E+04 2.785687E+04 3.068150E+04
 2.868905E+04 2.910929E+04 3.137236E+04
 3.377334E+04 2.949081E+04 2.846821E+04
 2.559636E+04 2.533568E+04 2.310414E+04
 1.510999E+04 1.622130E+04 1.631877E+04
 1.214615E+04 1.040783E+04 1.003878E+04
 1.021013E+04 9.079501E+03 7.777153E+03
 8.876830E+03 7.701325E+03 6.579707E+03
 7.180496E+03 6.476708E+03 5.698384E+03
 1.024147E+05 1.067907E+05 1.018231E+05
 1.023479E+05 1.066813E+05 1.017311E+05
 1.022022E+05 1.064448E+05 1.015324E+05
 1.018835E+05 1.059374E+05 1.011063E+05
 1.011817E+05 1.051838E+05 1.001997E+05
 9.958523E+04 1.033894E+05 9.827269E+04
 9.591131E+04 9.955035E+04 9.428787E+04
 9.174877E+04 9.160876E+04 8.743332E+04
 8.418695E+04 8.167912E+04 7.590113E+04
 6.343099E+04 6.450498E+04 6.111683E+04
 4.236271E+04 4.305276E+04 4.210006E+04
 2.583047E+04 2.598976E+04 2.507325E+04
 1.551432E+04 1.510270E+04 1.447579E+04
 1.158439E+04 9.878914E+03 8.902672E+03
 9.693785E+03 8.281564E+03 6.989789E+03
 7.537842E+03 6.756856E+03 5.898263E+03

Band:   20, gas:    2, k-terms:    1
 1.148753E-05 4.149608E-05 1.130348E-04
 1.156520E-05 4.190251E-05 1.142944E-04
 1.173213E-05 4.276972E-05 1.169330E-04
 1.208599E-05 4.458046E-05 1.222490E-04
 1.282168E-05 4.823616E-05 1.323477E-04
 1.431998E-05 5.529501E-05 1.503024E-04
 1.721314E-05 6.780485E-05 1.799296E-04
 2.245011E-05 8.796991E-05 2.269211E-04
 3.132751E-05 1.184918E-04 3.004845E-04
 4.479431E-05 1.628900E-04 4.110104E-04
 6.256812E-05 2.258622E-04 5.690381E-04
 8.335478E-05 3.132882E-04 7.889770E-04
 1.039768E-04 4.314148E-04 1.087983E-03
 1.202310E-04 5.841314E-04 1.490205E-03
 1.305933E-04 7.626467E-04 2.026068E-03
 1.363932E-04 9.315445E-04 2.688884E-03

Band:   21, gas:    2, k-terms:    1
 1.301891E-05 3.432941E-05 7.805032E-05
 1.310780E-05 3.474455E-05 7.910155E-05
 1.329894E-05 3.562424E-05 8.129572E-05
 1.370438E-05 3.743673E-05 8.568994E-05
 1.454801E-05 4.101416E-05 9.397293E-05
 1.626448E-05 4.772168E-05 1.086196E-04
 1.954724E-05 5.935712E-05 1.327478E-04
 2.532039E-05 7.815922E-05 1.708374E-04
 3.474500E-05 1.071632E-04 2.300172E-04
 4.906011E-05 1.500010E-04 3.188222E-04
 6.922606E-05 2.112884E-04 4.481715E-04
 9.550862E-05 2.970894E-04 6.336932E-04
 1.260028E-04 4.138937E-04 8.905018E-04
 1.556678E-04 5.690659E-04 1.232927E-03
 1.783504E-04 7.639490E-04 1.676510E-03
 1.917593E-04 9.741661E-04 2.214267E-03

Band:   22, gas:    2, k-terms:    1
 5.097473E-12 2.890532E-10 4.020283E-09
 5.096360E-12 2.890127E-10 4.019854E-09
 5.093954E-12 2.889251E-10 4.018918E-09
 5.088791E-12 2.887352E-10 4.016920E-09
 5.077784E-12 2.883328E-10 4.012644E-09
 5.054242E-12 2.874675E-10 4.003423E-09
 5.005143E-12 2.856364E-10 3.983840E-09
 4.906289E-12 2.818513E-10 3.942896E-09
 4.718749E-12 2.742762E-10 3.859224E-09
 4.410744E-12 2.605874E-10 3.701627E-09
 4.024812E-12 2.406521E-10 3.454209E-09
 3.737050E-12 2.222025E-10 3.193082E-09
 3.662272E-12 2.154876E-10 3.073616E-09
 3.663445E-12 2.151684E-10 3.062735E-09
 3.672232E-12 2.154585E-10 3.065041E-09
 3.689317E-12 2.160359E-10 3.069812E-09

Band:   23, gas:    2, k-terms:    1
 1.226703E-05 2.774670E-05 5.205871E-05
 1.238895E-05 2.789135E-05 5.221941E-05
 1.264749E-05 2.820052E-05 5.256417E-05
 1.318092E-05 2.884830E-05 5.329191E-05
 1.423543E-05 3.016453E-05 5.479213E-05
 1.620969E-05 3.273541E-05 5.779754E-05
 1.959547E-05 3.738256E-05 6.343862E-05
 2.494985E-05 4.512501E-05 7.327250E-05
 3.302270E-05 5.736678E-05 8.950799E-05
 4.463794E-05 7.575227E-05 1.147572E-04
 6.079480E-05 1.019506E-04 1.515878E-04
 8.286385E-05 1.375595E-04 2.021543E-04
 1.121289E-04 1.835428E-04 2.669201E-04
 1.497628E-04 2.410485E-04 3.458220E-04
 1.960320E-04 3.110776E-04 4.395293E-04
 2.473697E-04 3.896950E-04 5.450806E-04

Band:   24, gas:    2, k-terms:   12
 5.160891E-08 2.687498E-07 1.766956E-06
 9.740988E-08 4.594199E-07 2.533614E-06
 1.879330E-07 8.027968E-07 3.831281E-06
 3.714069E-07 1.459822E-06 6.072548E-06
 7.255774E-07 2.695020E-06 1.006970E-05
 1.428834E-06 5.093012E-06 1.753822E-05
 2.818352E-06 9.773865E-06 3.133461E-05
 5.579217E-06 1.932186E-05 5.632539E-05
 1.122977E-05 3.827126E-05 1.053111E-04
 2.286834E-05 7.544689E-05 1.990794E-04
 4.619788E-05 1.485959E-04 3.736357E-04
 9.147953E-05 2.934676E-04 6.806740E-04
 1.719830E-04 5.434745E-04 1.192656E-03
 3.033673E-04 9.265290E-04 1.935970E-03
 5.019111E-04 1.447108E-03 2.855843E-03
 7.514040E-04 2.006197E-03 3.882124E-03
 1.625767E-06 1.246070E-05 1.057282E-04
 2.942527E-06 1.932208E-05 1.437205E-04
 5.463332E-06 3.151520E-05 2.019056E-04
 1.040631E-05 5.361756E-05 2.913725E-04
 1.965039E-05 9.350252E-05 4.466861E-04
 3.888360E-05 1.663855E-04 7.132238E-04
 7.845885E-05 3.035519E-04 1.187057E-03
 1.592076E-04 5.580733E-04 1.971793E-03
 3.275674E-04 1.066284E-03 3.407334E-03
 6.636909E-04 2.048367E-03 5.959554E-03
 1.324572E-03 3.866346E-03 1.052767E-02
 2.662916E-03 7.172488E-03 1.836746E-02
 5.254647E-03 1.229971E-02 3.145822E-02
 9.668814E-03 2.085479E-02 5.175428E-02
 1.709285E-02 3.390121E-02 7.608828E-02
 2.999172E-02 5.418123E-02 1.066221E-01
 1.890979E-05 1.503082E-04 8.542497E-04
 3.296950E-05 2.366220E-04 1.308294E-03
 6.000986E-05 3.813528E-04 1.960446E-03
 1.139017E-04 6.243864E-04 2.975737E-03
 2.140528E-04 1.060767E-03 4.602088E-03
 4.236823E-04 1.888787E-03 7.260047E-03
 8.245539E-04 3.400391E-03 1.174210E-02
 1.617022E-03 5.983671E-03 1.934037E-02
 3.146742E-03 1.072264E-02 3.402577E-02
 5.978005E-03 1.912909E-02 6.196690E-02
 1.112725E-02 3.568284E-02 1.149156E-01
 2.081516E-02 6.879242E-02 2.113668E-01
 3.895274E-02 1.205798E-01 3.594775E-01
 6.891215E-02 2.085662E-01 5.976581E-01
 1.248322E-01 3.436111E-01 9.391931E-01
 1.919986E-01 4.865882E-01 1.299892E+00
 3.171084E-04 1.332136E-03 3.747201E-03
 5.781008E-04 2.351234E-03 6.486398E-03
 1.067417E-03 4.213471E-03 1.129565E-02
 1.969693E-03 7.331803E-03 1.973324E-02
 3.528320E-03 1.265666E-02 3.464433E-02
 6.447327E-03 2.232146E-02 6.287122E-02
 1.153912E-02 4.132384E-02 1.173077E-01
 2.143374E-02 7.938251E-02 2.216294E-01
 4.309836E-02 1.569695E-01 4.289388E-01
 8.797471E-02 3.102906E-01 8.335734E-01
 1.706835E-01 6.009235E-01 1.618990E+00
 3.343473E-01 1.173940E+00 3.192235E+00
 6.796196E-01 2.297339E+00 6.043895E+00
 1.211302E+00 3.919804E+00 1.094152E+01
 1.919737E+00 6.659518E+00 1.994282E+01
 3.378797E+00 1.172166E+01 3.217671E+01
 7.848216E-03 1.304781E-02 2.342197E-02
 1.409895E-02 2.291077E-02 3.939275E-02
 2.655655E-02 4.352139E-02 7.011087E-02
 5.413383E-02 8.510026E-02 1.299295E-01
 1.119374E-01 1.698450E-01 2.464670E-01
 2.271785E-01 3.446375E-01 4.778971E-01
 4.660428E-01 6.994494E-01 9.439860E-01
 9.701154E-01 1.429303E+00 1.876895E+00
 2.047521E+00 2.953030E+00 3.816115E+00
 4.440271E+00 6.205693E+00 7.876729E+00
 9.187477E+00 1.283051E+01 1.612265E+01
 1.865397E+01 2.662082E+01 3.315271E+01
 3.891715E+01 5.531456E+01 6.785030E+01
 8.520972E+01 1.113526E+02 1.333955E+02
 1.647386E+02 2.166698E+02 2.549948E+02
 2.998016E+02 3.858774E+02 4.508705E+02
 1.558316E-01 3.907240E-01 1.239296E+00
 2.719960E-01 6.040484E-01 1.608870E+00
 5.065682E-01 9.871554E-01 2.220665E+00
 9.518123E-01 1.666657E+00 3.287599E+00
 1.985284E+00 2.911211E+00 5.225579E+00
 4.022369E+00 5.473582E+00 8.709754E+00
 8.004075E+00 1.038253E+01 1.525755E+01
 1.613517E+01 2.010527E+01 2.741526E+01
 3.194618E+01 4.011503E+01 5.123456E+01
 6.533103E+01 7.971000E+01 9.937498E+01
 1.383153E+02 1.582022E+02 1.927466E+02
 2.842940E+02 3.143524E+02 3.646948E+02
 5.480545E+02 6.103338E+02 6.738018E+02
 1.008422E+03 1.063719E+03 1.166135E+03
 1.834156E+03 1.749166E+03 1.777795E+03
 2.824115E+03 2.684315E+03 2.569006E+03
 7.532695E+00 2.935334E+01 1.277073E+02
 1.033780E+01 3.385267E+01 1.294136E+02
 1.538632E+01 4.234981E+01 1.358650E+02
 2.291986E+01 5.571445E+01 1.528599E+02
 3.588578E+01 7.736283E+01 1.879111E+02
 6.050642E+01 1.169771E+02 2.445662E+02
 1.164438E+02 1.847156E+02 3.357229E+02
 2.356481E+02 3.083387E+02 4.888732E+02
 4.691166E+02 5.555322E+02 7.643227E+02
 9.120924E+02 1.064061E+03 1.265569E+03
 1.684883E+03 1.983287E+03 2.264009E+03
 3.008901E+03 3.344243E+03 3.836243E+03
 5.621902E+03 5.340796E+03 5.605474E+03
 9.114781E+03 8.657017E+03 8.168017E+03
 1.113339E+04 1.084245E+04 1.043758E+04
 9.781826E+03 9.766292E+03 9.590234E+03
 9.508275E+01 5.982051E+02 1.888301E+03
 1.082061E+02 6.025279E+02 1.890282E+03
 1.378362E+02 6.130760E+02 1.900291E+03
 2.097364E+02 6.469273E+02 1.912075E+03
 3.292048E+02 7.463134E+02 1.959185E+03
 5.321316E+02 9.543661E+02 2.098181E+03
 8.797388E+02 1.395583E+03 2.478426E+03
 1.493070E+03 2.188015E+03 3.261485E+03
 2.508757E+03 3.497436E+03 4.719273E+03
 4.322412E+03 5.571663E+03 7.028159E+03
 7.558642E+03 8.324781E+03 9.965702E+03
 1.397077E+04 1.356713E+04 1.339148E+04
 2.255560E+04 2.112800E+04 2.039134E+04
 2.627737E+04 2.558478E+04 2.466045E+04
 2.193151E+04 2.203104E+04 2.164055E+04
 1.422732E+04 1.451367E+04 1.451814E+04
 1.110460E+03 4.127581E+03 9.151980E+03
 1.121313E+03 4.137797E+03 9.159985E+03
 1.138331E+03 4.159389E+03 9.177137E+03
 1.197767E+03 4.203654E+03 9.213236E+03
 1.380177E+03 4.303075E+03 9.287177E+03
 1.768712E+03 4.531249E+03 9.449958E+03
 2.482388E+03 5.063988E+03 9.823664E+03
 3.674044E+03 6.265704E+03 1.056803E+04
 5.640662E+03 8.217574E+03 1.204886E+04
 9.326998E+03 1.105420E+04 1.472045E+04
 1.768280E+04 1.696311E+04 1.828825E+04
 3.092936E+04 2.874611E+04 2.745191E+04
 4.087811E+04 3.980233E+04 3.750136E+04
 3.896044E+04 3.865507E+04 3.785224E+04
 2.730568E+04 2.774472E+04 2.762738E+04
 1.596557E+04 1.630099E+04 1.639292E+04
 8.063767E+03 2.000167E+04 3.409973E+04
 8.072747E+03 2.000771E+04 3.410391E+04
 8.091793E+03 2.002062E+04 3.411285E+04
 8.131014E+03 2.004761E+04 3.413169E+04
 8.162097E+03 2.010196E+04 3.417018E+04
 8.540058E+03 2.020422E+04 3.424492E+04
 9.554102E+03 2.061545E+04 3.439813E+04
 1.232304E+04 2.220286E+04 3.458788E+04
 1.980633E+04 2.593058E+04 3.668559E+04
 3.512831E+04 3.632328E+04 4.220543E+04
 5.641956E+04 5.596607E+04 5.561333E+04
 7.121464E+04 7.343874E+04 7.068282E+04
 7.152133E+04 7.163351E+04 7.064570E+04
 5.447711E+04 5.456293E+04 5.388891E+04
 3.251754E+04 3.329179E+04 3.344541E+04
 1.731351E+04 1.786397E+04 1.796454E+04
 7.498215E+04 1.156513E+05 1.372144E+05
 7.504468E+04 1.156961E+05 1.372281E+05
 7.517911E+04 1.157923E+05 1.372578E+05
 7.546409E+04 1.159985E+05 1.373207E+05
 7.559338E+04 1.164319E+05 1.374511E+05
 7.719803E+04 1.173298E+05 1.377169E+05
 8.208998E+04 1.197219E+05 1.392786E+05
 9.388453E+04 1.238962E+05 1.414418E+05
 1.079537E+05 1.340645E+05 1.446818E+05
 1.262083E+05 1.481504E+05 1.513744E+05
 1.402504E+05 1.502801E+05 1.525584E+05
 1.374054E+05 1.353993E+05 1.350332E+05
 1.055362E+05 1.070806E+05 1.050551E+05
 6.516584E+04 6.743681E+04 6.757904E+04
 3.573252E+04 3.710323E+04 3.720164E+04
 1.813629E+04 1.877238E+04 1.895850E+04
 3.928894E+05 4.125723E+05 4.165339E+05
 3.929281E+05 4.125142E+05 4.164674E+05
 3.930108E+05 4.123879E+05 4.163234E+05
 3.931832E+05 4.121151E+05 4.160132E+05
 3.935274E+05 4.115229E+05 4.153467E+05
 3.941546E+05 4.102246E+05 4.138993E+05
 3.950158E+05 4.087036E+05 4.107622E+05
 3.977112E+05 4.072060E+05 4.039717E+05
 3.949822E+05 3.964987E+05 3.891493E+05
 3.770720E+05 3.710632E+05 3.592435E+05
 3.269874E+05 3.189311E+05 3.079982E+05
 2.417728E+05 2.392829E+05 2.333655E+05
 1.483245E+05 1.499689E+05 1.477066E+05
 7.945047E+04 8.150947E+04 8.173580E+04
 3.946176E+04 4.076466E+04 4.124523E+04
 1.928174E+04 1.990544E+04 2.011692E+04

Band:   25, gas:    2, k-terms:    1
 1.039036E-07 4.010499E-07 1.063529E-06
 1.039350E-07 4.011395E-07 1.063701E-06
 1.040028E-07 4.013335E-07 1.064073E-06
 1.041486E-07 4.017506E-07 1.064872E-06
 1.044600E-07 4.026427E-07 1.066582E-06
 1.051278E-07 4.045610E-07 1.070262E-06
 1.065362E-07 4.086289E-07 1.078084E-06
 1.094299E-07 4.170889E-07 1.094426E-06
 1.151629E-07 4.342499E-07 1.127869E-06
 1.254850E-07 4.665122E-07 1.191908E-06
 1.412415E-07 5.195306E-07 1.301004E-06
 1.598674E-07 5.895985E-07 1.455070E-06
 1.754971E-07 6.564503E-07 1.617142E-06
 1.852533E-07 7.028956E-07 1.740810E-06
 1.902975E-07 7.287269E-07 1.814140E-06
 1.923751E-07 7.402886E-07 1.849113E-06

Band:   26, gas:    2, k-terms:    5
 6.695100E-08 5.691375E-07 2.837206E-06
 1.111790E-07 8.735608E-07 4.329122E-06
 1.942867E-07 1.388147E-06 6.639468E-06
 3.518384E-07 2.252262E-06 1.033462E-05
 6.330242E-07 3.648066E-06 1.608744E-05
 1.203156E-06 6.322384E-06 2.623668E-05
 2.292654E-06 1.106728E-05 4.323138E-05
 4.375122E-06 1.996707E-05 7.310288E-05
 8.924877E-06 3.628661E-05 1.228158E-04
 1.749659E-05 6.597512E-05 2.081633E-04
 3.388051E-05 1.196746E-04 3.404753E-04
 6.366080E-05 2.098902E-04 5.222951E-04
 1.183825E-04 3.355858E-04 7.229235E-04
 2.032942E-04 4.766838E-04 9.237907E-04
 2.959685E-04 6.130560E-04 1.090261E-03
 3.765708E-04 7.153726E-04 1.219375E-03
 1.394423E-04 3.683763E-04 1.162090E-03
 2.446074E-04 5.634894E-04 1.477478E-03
 4.508835E-04 9.157138E-04 1.996180E-03
 8.171764E-04 1.508843E-03 2.848907E-03
 1.464616E-03 2.522028E-03 4.239362E-03
 2.630638E-03 4.285860E-03 6.579275E-03
 4.609013E-03 7.185868E-03 1.056808E-02
 7.595714E-03 1.210012E-02 1.781345E-02
 1.217626E-02 2.102282E-02 3.239638E-02
 1.978135E-02 3.986458E-02 6.327016E-02
 3.605523E-02 8.062007E-02 1.259291E-01
 6.999480E-02 1.655568E-01 2.546181E-01
 1.411995E-01 3.377919E-01 5.082352E-01
 3.202049E-01 6.773583E-01 9.933298E-01
 6.910344E-01 1.309929E+00 1.852013E+00
 1.348056E+00 2.254691E+00 3.169957E+00
 1.093612E-02 2.663885E-02 1.172522E-01
 1.459855E-02 3.440344E-02 1.292716E-01
 2.265251E-02 4.885100E-02 1.505376E-01
 3.730220E-02 7.154837E-02 1.855117E-01
 6.243590E-02 1.100326E-01 2.471927E-01
 1.053391E-01 1.806875E-01 3.522278E-01
 1.933618E-01 3.075604E-01 5.400628E-01
 3.863014E-01 5.598226E-01 8.627138E-01
 7.691385E-01 1.035783E+00 1.457673E+00
 1.573558E+00 1.931927E+00 2.581250E+00
 3.215359E+00 3.724223E+00 4.648836E+00
 6.312010E+00 7.168717E+00 8.350933E+00
 1.195991E+01 1.312202E+01 1.472319E+01
 2.228714E+01 2.234177E+01 2.404760E+01
 3.780659E+01 3.647889E+01 3.598689E+01
 5.201276E+01 4.989977E+01 4.830655E+01
 2.690665E+01 8.179891E+01 1.608381E+02
 2.698245E+01 8.185420E+01 1.608788E+02
 2.714228E+01 8.197294E+01 1.609666E+02
 2.748592E+01 8.221226E+01 1.612309E+02
 2.836616E+01 8.304133E+01 1.616451E+02
 3.145391E+01 8.422041E+01 1.619834E+02
 3.891896E+01 8.660418E+01 1.637174E+02
 5.103696E+01 9.532953E+01 1.678623E+02
 7.417920E+01 1.159439E+02 1.779504E+02
 1.275098E+02 1.533157E+02 2.048365E+02
 2.166559E+02 2.280456E+02 2.557354E+02
 3.538362E+02 3.460557E+02 3.445394E+02
 4.834025E+02 4.625144E+02 4.528043E+02
 4.742978E+02 4.720488E+02 4.590308E+02
 3.490950E+02 3.533391E+02 3.508980E+02
 2.121972E+02 2.169902E+02 2.173406E+02
 1.999131E+03 2.394677E+03 2.546418E+03
 1.999733E+03 2.394773E+03 2.546320E+03
 2.001032E+03 2.394980E+03 2.546108E+03
 2.003804E+03 2.395415E+03 2.545647E+03
 2.009642E+03 2.396316E+03 2.544648E+03
 2.021786E+03 2.398109E+03 2.542429E+03
 2.092438E+03 2.393881E+03 2.527414E+03
 2.176798E+03 2.430103E+03 2.517435E+03
 2.275270E+03 2.441044E+03 2.520460E+03
 2.362963E+03 2.500907E+03 2.472791E+03
 2.354877E+03 2.407371E+03 2.375753E+03
 2.112766E+03 2.082077E+03 2.046341E+03
 1.549382E+03 1.549549E+03 1.534336E+03
 9.521683E+02 9.803572E+02 9.797053E+02
 5.459192E+02 5.598681E+02 5.621265E+02
 2.919546E+02 3.003926E+02 3.030432E+02

Band:   27, gas:    2, k-terms:    1
 5.451043E-06 1.630668E-05 3.815608E-05
 5.480037E-06 1.638609E-05 3.829524E-05
 5.537469E-06 1.654814E-05 3.858529E-05
 5.644215E-06 1.686207E-05 3.916623E-05
 5.829943E-06 1.743415E-05 4.026983E-05
 6.137636E-06 1.842724E-05 4.226857E-05
 6.622726E-06 2.006048E-05 4.568420E-05
 7.365400E-06 2.264533E-05 5.125596E-05
 8.487647E-06 2.665764E-05 6.009653E-05
 1.012461E-05 3.264385E-05 7.350621E-05
 1.240362E-05 4.111197E-05 9.276694E-05
 1.539813E-05 5.232103E-05 1.186816E-04
 1.897918E-05 6.574813E-05 1.501214E-04
 2.283935E-05 8.039250E-05 1.844800E-04
 2.652923E-05 9.493490E-05 2.187473E-04
 2.952840E-05 1.072334E-04 2.485731E-04

Band:   28, gas:    2, k-terms:    5
 3.050655E-07 1.052223E-06 4.209681E-06
 5.031313E-07 1.393121E-06 4.743323E-06
 8.547487E-07 1.976362E-06 5.726994E-06
 1.479655E-06 2.997706E-06 7.371768E-06
 2.611885E-06 4.811571E-06 1.004381E-05
 4.664214E-06 8.033380E-06 1.456304E-05
 8.481469E-06 1.381501E-05 2.245606E-05
 1.588033E-05 2.484835E-05 3.695542E-05
 3.000350E-05 4.566813E-05 6.437858E-05
 5.744301E-05 8.455870E-05 1.147713E-04
 1.099878E-04 1.574956E-04 2.056646E-04
 2.109319E-04 2.923531E-04 3.655726E-04
 3.800745E-04 5.275433E-04 6.361077E-04
 6.397044E-04 8.433322E-04 1.020589E-03
 9.171892E-04 1.202568E-03 1.457345E-03
 1.234743E-03 1.599398E-03 1.892716E-03
 1.309712E-04 6.408752E-04 1.895323E-03
 1.482545E-04 6.333421E-04 1.862308E-03
 1.777083E-04 6.436338E-04 1.850006E-03
 2.248879E-04 6.945044E-04 1.868018E-03
 3.075886E-04 8.032890E-04 1.941859E-03
 4.462604E-04 9.897860E-04 2.123790E-03
 6.881161E-04 1.323996E-03 2.445786E-03
 1.121060E-03 1.856104E-03 3.022954E-03
 1.892932E-03 2.757555E-03 4.046586E-03
 3.318666E-03 4.270660E-03 5.754024E-03
 5.824296E-03 6.862474E-03 8.612811E-03
 1.035074E-02 1.143147E-02 1.358426E-02
 1.849891E-02 1.987217E-02 2.260180E-02
 3.350325E-02 3.475702E-02 3.790176E-02
 5.746936E-02 5.822386E-02 6.204029E-02
 1.006102E-01 9.603023E-02 9.774097E-02
 1.388096E-02 4.075180E-02 9.693790E-02
 1.381452E-02 4.082307E-02 9.694715E-02
 1.358500E-02 4.082568E-02 9.668410E-02
 1.363510E-02 4.064018E-02 9.681539E-02
 1.474509E-02 4.040515E-02 9.714428E-02
 1.751628E-02 4.181362E-02 9.800960E-02
 2.315364E-02 4.787107E-02 9.829997E-02
 3.357125E-02 5.737301E-02 1.034441E-01
 5.147536E-02 7.592827E-02 1.173158E-01
 8.470612E-02 1.092156E-01 1.426746E-01
 1.375492E-01 1.647283E-01 1.917506E-01
 2.180441E-01 2.465848E-01 2.821494E-01
 3.563023E-01 3.776879E-01 4.154128E-01
 5.723405E-01 5.469986E-01 5.562037E-01
 7.457365E-01 7.136837E-01 6.826489E-01
 8.116939E-01 7.929293E-01 7.670255E-01
 1.117501E+00 2.095106E+00 2.922327E+00
 1.118880E+00 2.095857E+00 2.922748E+00
 1.121853E+00 2.097478E+00 2.895970E+00
 1.128187E+00 2.100946E+00 2.898099E+00
 1.141487E+00 2.105494E+00 2.898881E+00
 1.169604E+00 2.122838E+00 2.909615E+00
 1.229620E+00 2.127875E+00 2.931754E+00
 1.333804E+00 2.177737E+00 2.985197E+00
 1.554257E+00 2.317811E+00 3.055190E+00
 2.128700E+00 2.608824E+00 3.060778E+00
 2.942854E+00 3.189062E+00 3.258985E+00
 3.802911E+00 3.772589E+00 3.777639E+00
 4.771831E+00 4.664049E+00 4.544261E+00
 4.500193E+00 4.453148E+00 4.329910E+00
 3.211622E+00 3.246355E+00 3.212848E+00
 1.895412E+00 1.939158E+00 1.938995E+00
 3.088267E+01 2.971486E+01 2.735683E+01
 3.087982E+01 2.971174E+01 2.735374E+01
 3.087364E+01 2.970498E+01 2.734706E+01
 3.086027E+01 2.969043E+01 2.733269E+01
 3.083152E+01 2.965920E+01 2.730187E+01
 3.076850E+01 2.959149E+01 2.723528E+01
 3.063008E+01 2.944541E+01 2.709248E+01
 3.032090E+01 2.913074E+01 2.678928E+01
 2.943637E+01 2.844681E+01 2.618705E+01
 2.798552E+01 2.709277E+01 2.492758E+01
 2.527976E+01 2.434677E+01 2.275597E+01
 2.052467E+01 2.007669E+01 1.899160E+01
 1.437002E+01 1.432559E+01 1.388417E+01
 8.577169E+00 8.732688E+00 8.656068E+00
 4.513713E+00 4.647072E+00 4.663748E+00
 2.259325E+00 2.331545E+00 2.354707E+00

Band:   29, gas:    2, k-terms:    1
 1.495612E-04 1.901086E-04 2.337257E-04
 1.498290E-04 1.902886E-04 2.338589E-04
 1.504070E-04 1.906776E-04 2.341470E-04
 1.516433E-04 1.915116E-04 2.347653E-04
 1.542597E-04 1.932856E-04 2.360841E-04
 1.597654E-04 1.970575E-04 2.389034E-04
 1.709604E-04 2.048804E-04 2.448148E-04
 1.925707E-04 2.204987E-04 2.568516E-04
 2.318498E-04 2.502461E-04 2.804970E-04
 2.977644E-04 3.026169E-04 3.237673E-04
 4.016790E-04 3.881286E-04 3.970148E-04
 5.597309E-04 5.205381E-04 5.133061E-04
 7.905271E-04 7.138412E-04 6.845177E-04
 1.114571E-03 9.819263E-04 9.193795E-04
 1.545491E-03 1.336068E-03 1.223446E-03
 2.048911E-03 1.755465E-03 1.581400E-03

Band:   30, gas:    2, k-terms:    1
 2.688961E-05 4.237205E-05 5.822012E-05
 2.689945E-05 4.238128E-05 5.822816E-05
 2.692073E-05 4.240125E-05 5.824557E-05
 2.696648E-05 4.244422E-05 5.828302E-05
 2.706439E-05 4.253622E-05 5.836326E-05
 2.727518E-05 4.273465E-05 5.853650E-05
 2.772350E-05 4.315824E-05 5.890705E-05
 2.866138E-05 4.405105E-05 5.969148E-05
 3.058970E-05 4.591387E-05 6.134261E-05
 3.434307E-05 4.963576E-05 6.469658E-05
 4.107127E-05 5.657331E-05 7.112138E-05
 5.197862E-05 6.835437E-05 8.243584E-05
 6.734112E-05 8.569964E-05 9.971836E-05
 8.549621E-05 1.070147E-04 1.216910E-04
 1.025280E-04 1.277813E-04 1.437361E-04
 1.143688E-04 1.427562E-04 1.600567E-04
*END
