*FILE TYPE =     4

Fitted gaseous transmissions and k-terms.
      in band     1: for absorber index     1
      at pressure  1.000E+00 Pa, and temperature  2.000E+02 K.


     Amount of absorber       Actual transmittance     Fitted transmittance
         kg/m2
          2.804116688E-08          9.999964688E-01          9.999967282E-01
          6.534141580E-08          9.999918040E-01          9.999923988E-01
          1.522583078E-07          9.999810738E-01          9.999824100E-01
          3.547917047E-07          9.999567889E-01          9.999596559E-01
          8.267342225E-07          9.999036528E-01          9.999092511E-01
          1.926452805E-06          9.997942583E-01          9.998036573E-01
          4.489012682E-06          9.995863318E-01          9.996010398E-01
          1.046027954E-05          9.992106503E-01          9.992375325E-01
          2.437450187E-05          9.985193647E-01          9.985706751E-01
          5.679736755E-05          9.971984671E-01          9.972977835E-01
          1.323490005E-04          9.946379707E-01          9.948270575E-01
          3.083991158E-04          9.895754158E-01          9.899484296E-01
          7.186303959E-04          9.793190838E-01          9.800804971E-01
          1.674549697E-03          9.582950560E-01          9.598093104E-01
          3.902029060E-03          9.159897458E-01          9.187806856E-01
          9.092492631E-03          8.371642011E-01          8.412461417E-01
          2.118729025E-02          7.147775455E-01          7.181826574E-01
          4.937053967E-02          5.740450443E-01          5.745328118E-01
          1.150430356E-01          4.478217007E-01          4.463985874E-01
          2.680728252E-01          3.327753118E-01          3.326014283E-01
          6.246622335E-01          2.202545166E-01          2.183517517E-01
          1.455585458E+00          1.202558108E-01          1.167853638E-01
          3.391799458E+00          4.941993987E-02          4.488208414E-02
          7.903557639E+00          1.409917063E-02          1.198915517E-02
          1.841683865E+01          2.535548336E-03          1.842128252E-03
          4.291484434E+01          1.680905599E-04          1.374616631E-04
          1.000000000E+02          9.961763191E-07          6.143412534E-07


     Number of terms =    13: Type of scaling =     2: Scaling function =     9
    k-term              Weight              Scaling parameters
     m2/kg
    1.948975659E-02    1.115920114E-06
    9.994934117E-02    9.980429742E-03
    3.194604173E-01    9.244418087E-02
    1.051062858E+00    2.292659125E-01
    4.195785151E+00    1.972695937E-01
    2.031423551E+01    2.312739448E-01
    6.181071797E+01    2.270997313E-01
    3.083075198E+02    6.553091751E-03
    1.199335589E+03    3.460589701E-03
    5.139512346E+03    1.632460975E-03
    2.164964845E+04    6.702530198E-04
    1.024162833E+05    2.224193740E-04
    3.584136101E+05    1.262763760E-04


Lookup table:    3 pressures,    4 temperatures.
 1.000000E+00 2.000000E+02 5.000000E+02 1.000000E+03 2.000000E+03
 1.000000E+03 2.000000E+02 5.000000E+02 1.000000E+03 2.000000E+03
 1.000000E+06 2.000000E+02 5.000000E+02 1.000000E+03 2.000000E+03

Band:    1, gas:    1, k-terms:   13
 1.536603E-11 1.228214E-08 8.709967E-08 3.342196E-07
 1.533940E-08 1.228209E-05 8.692052E-05 3.329827E-04
 1.276894E-05 9.599079E-03 1.948013E-02 6.872954E-02
 3.483732E-11 2.146955E-08 1.452257E-07 2.615670E-06
 3.473884E-08 2.146933E-05 1.451002E-04 2.611339E-03
 2.715216E-05 1.564759E-02 9.998921E-02 6.300050E-01
 1.188285E-10 4.790682E-08 4.890118E-07 1.018299E-05
 1.174037E-07 4.787549E-05 4.876787E-04 9.751537E-03
 7.281424E-05 3.047898E-02 3.203739E-01 6.250440E+00
 1.546604E-09 2.397589E-07 2.371051E-06 5.466875E-05
 1.506309E-06 2.364271E-04 2.281713E-03 4.551713E-02
 7.172763E-04 9.455826E-02 1.060430E+00 2.483042E+01
 2.480003E-08 1.710187E-06 1.428591E-05 3.368735E-04
 2.377265E-05 1.619201E-03 1.262727E-02 2.887146E-01
 7.950560E-03 5.005237E-01 4.343264E+00 1.095988E+02
 9.287671E-07 1.929499E-05 8.314781E-05 1.535634E-03
 8.730459E-04 1.437712E-02 6.987908E-02 1.327976E+00
 2.482569E-01 4.745497E+00 2.553061E+01 5.435047E+02
 1.144348E-03 2.482357E-03 4.655336E-03 2.873331E-02
 1.220897E-01 4.043342E-01 1.054647E+00 1.743360E+01
 4.211654E+01 1.015132E+02 1.691043E+02 2.818891E+03
 1.165959E-01 7.052930E-01 3.744177E+01 4.404816E+03
 9.707009E+01 1.369171E+02 3.093127E+02 8.133474E+03
 1.789367E+03 1.664525E+03 1.457650E+03 1.551030E+04
 6.144153E-01 7.556954E+00 4.723585E+02 3.506546E+04
 4.610176E+02 6.463169E+02 1.205812E+03 4.000950E+04
 2.283048E+03 2.264670E+03 2.080378E+03 2.092547E+04
 4.128725E+00 1.147767E+02 3.189967E+03 1.400195E+05
 2.173686E+03 2.976805E+03 5.227203E+03 1.381028E+05
 3.274241E+03 3.263294E+03 2.893622E+03 2.718504E+04
 4.437558E+01 2.284725E+03 1.881074E+04 4.210156E+05
 1.250365E+04 1.424560E+04 2.249891E+04 3.975563E+05
 4.299369E+03 4.762849E+03 4.068619E+03 3.457751E+04
 8.932645E+02 2.960292E+04 1.011527E+05 9.962728E+05
 6.356833E+04 7.568929E+04 9.851336E+04 9.092142E+05
 4.754650E+03 5.807760E+03 5.268415E+03 4.690615E+04
 4.828537E+04 3.688074E+05 3.584136E+05 2.377522E+06
 2.948504E+05 3.795020E+05 3.120243E+05 2.187456E+06
 4.994929E+03 6.698006E+03 6.126780E+03 6.310658E+04
*FILE TYPE =     4

Fitted gaseous transmissions and k-terms.
      in band     2: for absorber index     1
      at pressure  1.000E+00 Pa, and temperature  2.000E+02 K.


     Amount of absorber       Actual transmittance     Fitted transmittance
         kg/m2
          8.703469754E-07          9.999499841E-01          9.999533647E-01
          2.232963420E-06          9.998720516E-01          9.998806268E-01
          5.728894078E-06          9.996741335E-01          9.996955157E-01
          1.469805867E-05          9.991789020E-01          9.992300991E-01
          3.770935993E-05          9.979796097E-01          9.980923864E-01
          9.674718667E-05          9.952401772E-01          9.954620587E-01
          2.482147177E-04          9.893972202E-01          9.898158337E-01
          6.368200275E-04          9.773856730E-01          9.781968482E-01
          1.633826355E-03          9.524519115E-01          9.541622904E-01
          4.191747185E-03          8.999267625E-01          9.033834081E-01
          1.075435245E-02          7.938148872E-01          7.993688035E-01
          2.759138172E-02          6.136293894E-01          6.179157931E-01
          7.078848760E-02          3.986398906E-01          3.967433726E-01
          1.816150430E-01          2.286735342E-01          2.224733270E-01
          4.659518087E-01          1.219309596E-01          1.187397058E-01
          1.195446613E+00          5.811890657E-02          5.554233172E-02
          3.067039506E+00          2.262674804E-02          2.065958383E-02
          7.868800855E+00          6.069490117E-03          5.081172998E-03
          2.018820650E+01          7.792894797E-04          3.009513440E-04


     Number of terms =     9: Type of scaling =     2: Scaling function =     9
    k-term              Weight              Scaling parameters
     m2/kg
    2.281119022E-01    3.009498458E-02
    8.850235708E-01    8.612178072E-02
    3.461035946E+00    1.712144833E-01
    1.406488168E+01    3.706528130E-01
    4.275653661E+01    3.151192388E-01
    2.025988816E+02    1.319462358E-02
    8.196946344E+02    8.571439507E-03
    3.252109821E+03    4.037330263E-03
    1.154750477E+04    9.933063243E-04


Lookup table:    3 pressures,    4 temperatures.
 1.000000E+00 2.000000E+02 5.000000E+02 1.000000E+03 2.000000E+03
 1.000000E+03 2.000000E+02 5.000000E+02 1.000000E+03 2.000000E+03
 1.000000E+06 2.000000E+02 5.000000E+02 1.000000E+03 2.000000E+03

Band:    2, gas:    1, k-terms:    9
 1.399320E-10 3.259095E-08 3.342131E-07 8.064177E-06
 1.394067E-07 3.255979E-05 3.324159E-04 7.560482E-03
 9.887521E-05 2.166980E-02 2.285848E-01 5.600132E+00
 1.523751E-09 1.921978E-07 1.947440E-06 4.309519E-05
 1.487210E-06 1.897509E-04 1.898594E-03 3.896150E-02
 7.141929E-04 7.415133E-02 8.910997E-01 2.581869E+01
 6.007457E-08 2.294941E-06 1.061240E-05 1.707135E-04
 5.635582E-05 2.064010E-03 9.701856E-03 1.537319E-01
 1.487519E-02 5.449562E-01 3.553758E+00 7.653861E+01
 1.066082E-05 4.165371E-05 8.581586E-05 1.271596E-03
 6.620509E-03 2.580138E-02 5.828592E-02 8.089794E-01
 1.974929E+00 9.299527E+00 1.605664E+01 2.302733E+02
 1.114061E-03 5.121546E-03 1.535916E-02 2.732109E+00
 2.738659E-01 4.942601E-01 1.239612E+00 2.548464E+01
 6.584754E+01 6.993062E+01 6.800668E+01 7.870419E+02
 4.450187E-02 7.779088E+00 1.871912E+02 5.859364E+03
 2.258149E+01 4.645454E+01 2.026336E+02 5.832764E+03
 3.117296E+02 2.746539E+02 2.208494E+02 2.158484E+03
 5.145007E-01 1.283258E+02 8.087663E+02 1.337139E+04
 1.148438E+02 2.413299E+02 8.197771E+02 1.319963E+04
 3.938306E+02 3.443526E+02 3.009125E+02 2.704469E+03
 8.108503E+01 2.071150E+03 3.319261E+03 2.893847E+04
 1.094999E+03 2.369156E+03 3.249491E+03 2.843486E+04
 4.708787E+02 4.091421E+02 3.822531E+02 3.765691E+03
 1.393747E+04 2.093401E+04 1.203258E+04 6.049593E+04
 1.987206E+04 1.937892E+04 1.147610E+04 5.908625E+04
 6.535512E+02 4.845441E+02 4.981315E+02 6.301734E+03
*FILE TYPE =     4

Fitted gaseous transmissions and k-terms.
      in band     3: for absorber index     1
      at pressure  1.000E+00 Pa, and temperature  2.000E+02 K.


     Amount of absorber       Actual transmittance     Fitted transmittance
         kg/m2
          8.676717347E-06          9.999866945E-01          9.999877715E-01
          2.141258186E-05          9.999672300E-01          9.999698666E-01
          5.284241072E-05          9.999195190E-01          9.999259027E-01
          1.304055900E-04          9.998036314E-01          9.998187100E-01
          3.218176021E-04          9.995274106E-01          9.995614190E-01
          7.941881096E-04          9.988892382E-01          9.989620927E-01
          1.959913781E-03          9.974631983E-01          9.976198717E-01
          4.836715615E-03          9.943357492E-01          9.946783601E-01
          1.193614646E-02          9.874902426E-01          9.882401776E-01
          2.945626817E-02          9.725600442E-01          9.741017450E-01
          7.269278556E-02          9.413247379E-01          9.440798479E-01
          1.793927541E-01          8.818401431E-01          8.859591550E-01
          4.427091349E-01          7.825540730E-01          7.868603932E-01
          1.092526725E+00          6.462535762E-01          6.478008378E-01
          2.696159965E+00          5.040009725E-01          5.004203498E-01
          6.653639116E+00          3.908163975E-01          3.892454812E-01
          1.641998771E+01          3.015376876E-01          3.016248262E-01
          4.052158402E+01          2.116476482E-01          2.106707046E-01
          1.000000000E+02          1.208061436E-01          1.129733449E-01


     Number of terms =     9: Type of scaling =     2: Scaling function =     9
    k-term              Weight              Scaling parameters
     m2/kg
    8.609290244E-03    2.621660651E-01
    4.181090326E-02    1.398800312E-01
    2.311267949E-01    1.608036199E-01
    8.342390730E-01    3.132824624E-01
    3.074731137E+00    1.038903359E-01
    1.378398273E+01    1.788069238E-02
    8.340066357E+01    1.113578164E-03
    2.881925555E+02    7.970204187E-04
    1.158310851E+03    1.861944843E-04


Lookup table:    3 pressures,    4 temperatures.
 1.000000E+00 2.000000E+02 5.000000E+02 1.000000E+03 2.000000E+03
 1.000000E+03 2.000000E+02 5.000000E+02 1.000000E+03 2.000000E+03
 1.000000E+06 2.000000E+02 5.000000E+02 1.000000E+03 2.000000E+03

Band:    3, gas:    1, k-terms:    9
 3.917895E-12 1.733061E-09 2.246383E-08 5.767329E-07
 3.778760E-09 1.724024E-06 2.184743E-05 5.233067E-04
 1.592314E-06 6.146201E-04 8.609791E-03 2.089403E-01
 3.414046E-11 1.620228E-08 2.280870E-07 5.758914E-06
 3.001067E-08 1.528831E-05 2.047064E-04 4.695999E-03
 6.558148E-06 2.352382E-03 4.181460E-02 1.512082E+00
 3.469579E-10 1.123128E-07 9.821534E-07 2.193812E-05
 2.833868E-07 9.731112E-05 8.387326E-04 1.633886E-02
 7.716377E-05 1.534037E-02 2.314506E-01 6.278628E+00
 2.955753E-08 5.588016E-06 4.031318E-04 6.828379E-03
 2.052709E-05 1.284665E-03 7.335995E-03 1.248064E-01
 5.012177E-03 1.342624E-01 8.369086E-01 1.944062E+01
 2.371949E-06 7.695105E-03 2.608131E-01 1.919717E+01
 5.019368E-04 2.667009E-02 4.109708E-01 2.085133E+01
 5.716432E-02 8.469022E-01 3.085711E+00 6.572305E+01
 1.974150E-03 1.141578E+00 1.589697E+01 4.431833E+02
 1.427942E-02 1.436753E+00 1.594013E+01 4.413333E+02
 2.827673E-01 5.581057E+00 1.385593E+01 2.407295E+02
 1.742029E-01 2.129711E+01 1.049798E+02 2.293410E+03
 5.811524E-01 2.135161E+01 1.035079E+02 2.272580E+03
 1.031782E+00 1.990275E+01 3.822922E+01 5.965857E+02
 2.655356E+00 8.766795E+01 2.908244E+02 4.613045E+03
 3.607045E+00 9.066954E+01 2.881843E+02 4.572281E+03
 1.799464E+00 2.977984E+01 4.593025E+01 9.621781E+02
 5.760023E+01 7.336336E+02 1.194463E+03 1.161232E+04
 4.732647E+01 7.112211E+02 1.157803E+03 1.146770E+04
 2.221684E+00 3.579135E+01 6.207967E+01 2.347595E+03
*FILE TYPE =     4

Fitted gaseous transmissions and k-terms.
      in band     4: for absorber index     1
      at pressure  1.000E+00 Pa, and temperature  2.000E+02 K.


     Amount of absorber       Actual transmittance     Fitted transmittance
         kg/m2
          2.196667361E-06          9.999235077E-01          9.999290669E-01
          5.832600128E-06          9.997975722E-01          9.998121545E-01
          1.548674363E-05          9.994671567E-01          9.995046723E-01
          4.112046479E-05          9.986159273E-01          9.987080031E-01
          1.091832257E-04          9.965101018E-01          9.967153301E-01
          2.899037458E-04          9.916457410E-01          9.920556837E-01
          7.697536071E-04          9.811028454E-01          9.819301293E-01
          2.043852914E-03          9.586797895E-01          9.603853626E-01
          5.426846587E-03          9.112309660E-01          9.146716883E-01
          1.440938517E-02          8.163095122E-01          8.219398607E-01
          3.825985823E-02          6.575437390E-01          6.621511447E-01
          1.015877315E-01          4.653876226E-01          4.631665933E-01
          2.697361586E-01          2.961197837E-01          2.930593412E-01
          7.162045475E-01          1.639038452E-01          1.601543513E-01
          1.901669233E+00          6.639353748E-02          6.204620515E-02
          5.049319897E+00          1.515681919E-02          1.248550287E-02
          1.340697477E+01          1.466980706E-03          6.538396953E-04


     Number of terms =     8: Type of scaling =     2: Scaling function =     9
    k-term              Weight              Scaling parameters
     m2/kg
    3.434906283E-01    6.537218805E-02
    1.075873358E+00    2.165475506E-01
    4.597115253E+00    2.375648857E-01
    1.804111914E+01    3.535619959E-01
    5.432069124E+01    1.060750414E-01
    2.855994135E+02    1.335298969E-02
    1.188553637E+03    5.725113213E-03
    4.575265255E+03    1.800235447E-03


Lookup table:    3 pressures,    4 temperatures.
 1.000000E+00 2.000000E+02 5.000000E+02 1.000000E+03 2.000000E+03
 1.000000E+03 2.000000E+02 5.000000E+02 1.000000E+03 2.000000E+03
 1.000000E+06 2.000000E+02 5.000000E+02 1.000000E+03 2.000000E+03

Band:    4, gas:    1, k-terms:    8
 9.661684E-08 2.554524E-07 7.442435E-07 1.106345E-05
 9.400051E-05 2.477729E-04 7.254395E-04 1.009912E-02
 6.035576E-02 1.180074E-01 3.443480E-01 5.911744E+00
 4.738826E-07 2.059133E-06 5.629458E-06 1.026272E-04
 4.373773E-04 1.712514E-03 4.587400E-03 6.604569E-02
 2.116900E-01 4.525969E-01 1.081064E+00 2.059760E+01
 3.410549E-06 2.044765E-05 5.310445E-05 2.964017E-03
 2.735997E-03 1.100131E-02 2.545109E-02 3.796140E-01
 6.641184E-01 1.630927E+00 4.722355E+00 9.191514E+01
 9.640307E-05 4.143232E-03 3.656123E-02 4.984925E+00
 3.019110E-02 1.116845E-01 3.324149E-01 8.817198E+00
 2.004051E+00 1.598868E+01 2.092203E+01 2.682856E+02
 9.493742E-03 8.382485E-01 1.472902E+01 5.466093E+02
 1.535290E+00 3.652694E+00 1.624791E+01 5.519608E+02
 1.077918E+02 9.692281E+01 8.151179E+01 8.585328E+02
 4.868181E+00 9.914004E+01 2.830379E+02 4.614519E+03
 4.430406E+01 1.163547E+02 2.856044E+02 4.598210E+03
 2.595589E+02 2.248658E+02 1.967571E+02 1.895266E+03
 1.609189E+02 8.335762E+02 1.197113E+03 1.106127E+04
 3.156897E+02 8.593835E+02 1.188425E+03 1.098475E+04
 3.467218E+02 2.905327E+02 2.699333E+02 2.769665E+03
 4.578855E+03 7.339501E+03 4.667933E+03 2.665402E+04
 5.276356E+03 7.074674E+03 4.570220E+03 2.638641E+04
 4.037974E+02 4.337535E+02 3.743095E+02 4.654569E+03
*FILE TYPE =     4

Fitted gaseous transmissions and k-terms.
      in band     5: for absorber index     1
      at pressure  1.000E+00 Pa, and temperature  2.000E+02 K.


     Amount of absorber       Actual transmittance     Fitted transmittance
         kg/m2
          1.323175308E-05          9.999747674E-01          9.999768246E-01
          3.189699388E-05          9.999393311E-01          9.999442428E-01
          7.689217088E-05          9.998546475E-01          9.998662222E-01
          1.853593466E-04          9.996545822E-01          9.996810721E-01
          4.468346642E-04          9.991931990E-01          9.992503894E-01
          1.077157537E-03          9.981734233E-01          9.982870184E-01
          2.596639097E-03          9.960326746E-01          9.962503458E-01
          6.259562198E-03          9.916854706E-01          9.921127016E-01
          1.508955132E-02          9.829489669E-01          9.837953035E-01
          3.637547673E-02          9.657735798E-01          9.672942280E-01
          8.768818101E-02          9.344587648E-01          9.366026998E-01
          2.113846409E-01          8.840460031E-01          8.863829280E-01
          5.095722811E-01          8.127765913E-01          8.150771764E-01
          1.228395349E+00          7.200519898E-01          7.225966908E-01
          2.961219023E+00          6.049656329E-01          6.068496917E-01
          7.138433169E+00          4.746971997E-01          4.753578253E-01
          1.720819288E+01          3.418237785E-01          3.404186886E-01
          4.148275893E+01          2.168243273E-01          2.136708969E-01
          1.000000000E+02          1.128770514E-01          1.040983651E-01


     Number of terms =     9: Type of scaling =     2: Scaling function =     9
    k-term              Weight              Scaling parameters
     m2/kg
    9.225431450E-03    2.531441465E-01
    4.213701372E-02    2.347176950E-01
    1.759329136E-01    2.222426108E-01
    6.693991647E-01    1.548436403E-01
    2.981523616E+00    9.104818590E-02
    1.037091869E+01    3.647406981E-02
    3.940204940E+01    5.153865165E-03
    1.941174287E+02    1.871755365E-03
    7.595619262E+02    5.040311272E-04


Lookup table:    3 pressures,    4 temperatures.
 1.000000E+00 2.000000E+02 5.000000E+02 1.000000E+03 2.000000E+03
 1.000000E+03 2.000000E+02 5.000000E+02 1.000000E+03 2.000000E+03
 1.000000E+06 2.000000E+02 5.000000E+02 1.000000E+03 2.000000E+03

Band:    5, gas:    1, k-terms:    9
 2.599614E-10 4.850915E-09 2.613819E-08 5.974279E-07
 2.204513E-07 4.601805E-06 2.336686E-05 4.623051E-04
 9.389743E-05 1.660030E-03 9.225999E-03 1.946231E-01
 3.720464E-09 5.655514E-08 3.325983E-07 1.432026E-05
 2.704921E-06 3.983659E-05 1.972643E-04 4.224831E-03
 8.383334E-04 6.659956E-03 4.214595E-02 1.090690E+00
 3.323283E-08 1.375622E-06 4.235637E-05 5.050969E-03
 2.132171E-05 3.060175E-04 1.814248E-03 4.057249E-02
 3.372491E-03 3.282811E-02 1.760500E-01 4.406574E+00
 3.918707E-07 3.104018E-04 8.348766E-03 4.263396E-01
 1.670335E-04 2.896497E-03 1.920038E-02 6.731359E-01
 2.059105E-02 1.527564E-01 6.703725E-01 2.009878E+01
 1.204861E-05 1.289525E-02 2.751557E-01 1.424243E+01
 1.477489E-03 2.462871E-02 3.135706E-01 1.471141E+01
 1.321525E-01 7.085584E-01 3.010614E+00 9.075465E+01
 3.298616E-03 3.495014E-01 5.528591E+00 2.324546E+02
 1.873791E-02 4.052598E-01 5.601012E+00 2.330969E+02
 5.904487E-01 2.325662E+00 1.056802E+01 2.972629E+02
 2.361005E-01 8.452693E+00 4.939912E+01 1.694260E+03
 4.151764E-01 8.672629E+00 4.927593E+01 1.689610E+03
 1.362745E+00 5.203336E+00 3.518252E+01 8.523935E+02
 2.908880E+00 4.390672E+01 1.954713E+02 4.623580E+03
 3.691178E+00 4.319854E+01 1.941148E+02 4.599426E+03
 1.652316E+00 1.119741E+01 8.633721E+01 1.889567E+03
 6.580635E+01 2.063347E+02 7.690460E+02 1.143924E+04
 6.064015E+01 1.994143E+02 7.594839E+02 1.138104E+04
 1.796396E+00 2.384159E+01 1.863900E+02 3.821841E+03
*FILE TYPE =     4

Fitted gaseous transmissions and k-terms.
      in band     6: for absorber index     1
      at pressure  1.000E+00 Pa, and temperature  2.000E+02 K.


     Amount of absorber       Actual transmittance     Fitted transmittance
         kg/m2
          3.175500123E-05          9.998388619E-01          9.998513566E-01
          8.090006593E-05          9.995907698E-01          9.996222427E-01
          2.061036188E-04          9.989656107E-01          9.990435633E-01
          5.250762305E-04          9.974148014E-01          9.976004516E-01
          1.337701150E-03          9.936955710E-01          9.941047914E-01
          3.407970620E-03          9.852682489E-01          9.860956836E-01
          8.682255933E-03          9.671752963E-01          9.688972230E-01
          2.211919541E-02          9.289383745E-01          9.325148644E-01
          5.635157605E-02          8.506747450E-01          8.568160640E-01
          1.435630937E-01          7.119396807E-01          7.180850879E-01
          3.657459706E-01          5.228318651E-01          5.218776398E-01
          9.317862380E-01          3.401974363E-01          3.337112848E-01
          2.373848690E+00          2.196171814E-01          2.139017625E-01
          6.047693532E+00          1.555304572E-01          1.544384056E-01
          1.540729921E+01          1.099641361E-01          1.095574436E-01
          3.925213270E+01          6.774071950E-02          6.650880056E-02
          1.000000000E+02          3.294166679E-02          2.998040639E-02


     Number of terms =     8: Type of scaling =     2: Scaling function =     9
    k-term              Weight              Scaling parameters
     m2/kg
    9.859794129E-03    7.815424204E-02
    4.595757242E-02    8.154060584E-02
    2.262026347E-01    7.348075179E-02
    1.124509610E+00    3.096258700E-01
    3.883570699E+00    3.745371699E-01
    1.381608984E+01    7.246949432E-02
    1.000001210E+02    6.292733136E-03
    3.164961570E+02    3.899132960E-03


Lookup table:    3 pressures,    4 temperatures.
 1.000000E+00 2.000000E+02 5.000000E+02 1.000000E+03 2.000000E+03
 1.000000E+03 2.000000E+02 5.000000E+02 1.000000E+03 2.000000E+03
 1.000000E+06 2.000000E+02 5.000000E+02 1.000000E+03 2.000000E+03

Band:    6, gas:    1, k-terms:    8
 3.433134E-10 8.649974E-09 3.786512E-08 1.135343E-06
 2.539397E-07 7.731921E-06 2.851192E-05 4.945900E-04
 9.947319E-05 2.993992E-03 9.860599E-03 1.332030E-01
 6.826536E-09 1.440261E-07 9.048230E-07 2.072635E-05
 4.568284E-06 7.764459E-05 3.940271E-04 7.403835E-03
 2.149500E-03 1.143353E-02 4.596568E-02 9.681003E-01
 2.237957E-08 8.904395E-07 3.093650E-06 9.162002E-05
 1.527670E-05 3.427945E-04 1.484492E-03 2.342999E-02
 6.575465E-03 4.846936E-02 2.265037E-01 5.421458E+00
 6.722022E-07 1.157284E-05 2.409585E-04 1.500467E-02
 3.707772E-04 2.617357E-03 6.325295E-03 1.029380E-01
 3.608501E-02 3.824127E-01 1.133167E+00 1.765956E+01
 6.127872E-05 5.900789E-03 6.881322E-02 3.701428E+00
 1.140356E-02 2.913183E-02 1.208800E-01 4.087519E+00
 2.017578E+00 3.386747E+00 3.957519E+00 5.397340E+01
 1.520094E-02 1.465442E+00 9.902000E+00 2.678476E+02
 5.901583E-01 2.116162E+00 1.005590E+01 2.676450E+02
 1.810345E+01 1.589089E+01 1.338142E+01 1.539937E+02
 1.323365E+01 8.048474E+01 1.174781E+02 1.144977E+03
 2.521259E+01 8.269799E+01 1.166265E+02 1.138870E+03
 3.190771E+01 3.211311E+01 2.955788E+01 3.082278E+02
 2.832493E+02 4.798579E+02 3.204382E+02 1.966399E+03
 3.139383E+02 4.716924E+02 3.164815E+02 1.954788E+03
 3.859153E+01 4.355060E+01 4.136584E+01 4.455303E+02
*FILE TYPE =     4

Fitted gaseous transmissions and k-terms.
      in band     7: for absorber index     1
      at pressure  1.000E+00 Pa, and temperature  2.000E+02 K.


     Amount of absorber       Actual transmittance     Fitted transmittance
         kg/m2
          9.367666190E-05          9.999688802E-01          9.999714194E-01
          2.524812684E-04          9.999162133E-01          9.999230359E-01
          6.804981047E-04          9.997748053E-01          9.997930447E-01
          1.834107035E-03          9.993973768E-01          9.994455535E-01
          4.943362210E-03          9.984030713E-01          9.985273410E-01
          1.332355718E-02          9.958394810E-01          9.961508676E-01
          3.591021015E-02          9.893847265E-01          9.901395248E-01
          9.678670462E-02          9.737776528E-01          9.754142608E-01
          2.608635859E-01          9.394393720E-01          9.422790586E-01
          7.030904786E-01          8.753453869E-01          8.786612816E-01
          1.894998948E+00          7.813366362E-01          7.828010587E-01
          5.107480650E+00          6.756108751E-01          6.767633476E-01
          1.376589608E+01          5.701396180E-01          5.724045390E-01
          3.710242051E+01          4.541549060E-01          4.568995901E-01
          1.000000000E+02          3.196586386E-01          3.058350667E-01


     Number of terms =     7: Type of scaling =     2: Scaling function =     9
    k-term              Weight              Scaling parameters
     m2/kg
    5.503789500E-03    5.275896774E-01
    4.519330313E-02    1.429501284E-01
    2.313919377E-01    1.589293501E-01
    8.852910492E-01    1.440916053E-01
    3.417342357E+00    2.474336936E-02
    1.524718057E+01    1.466180610E-03
    1.072875106E+02    2.296888898E-04


Lookup table:    3 pressures,    4 temperatures.
 1.000000E+00 2.000000E+02 5.000000E+02 1.000000E+03 2.000000E+03
 1.000000E+03 2.000000E+02 5.000000E+02 1.000000E+03 2.000000E+03
 1.000000E+06 2.000000E+02 5.000000E+02 1.000000E+03 2.000000E+03

Band:    7, gas:    1, k-terms:    7
 4.067830E-10 1.085137E-08 1.873928E-07 1.044390E-04
 2.726659E-07 5.691647E-06 4.588228E-05 1.275314E-03
 7.830438E-05 6.978681E-04 5.503845E-03 1.107759E-01
 1.088167E-08 1.103207E-06 1.052348E-04 1.191503E-02
 3.971729E-06 1.479443E-04 9.208728E-04 2.609269E-02
 3.610196E-04 5.703561E-03 4.519464E-02 1.334961E+00
 2.439732E-07 2.181987E-04 6.003030E-03 3.188211E-01
 7.941968E-05 1.212698E-03 8.933185E-03 3.591573E-01
 6.080738E-03 5.313800E-02 2.315661E-01 5.805021E+00
 1.461288E-04 1.003944E-02 1.913019E-01 7.976378E+00
 3.326238E-03 1.657544E-02 2.008548E-01 8.052742E+00
 2.857453E-01 4.118335E-01 8.863619E-01 1.882072E+01
 1.073145E-02 9.952614E-01 4.393992E+00 9.480037E+01
 7.465230E-02 1.037238E+00 4.386604E+00 9.457590E+01
 1.205394E+00 1.727892E+00 3.395214E+00 6.022628E+01
 1.589048E+01 3.097285E+01 3.808345E+01 5.404602E+02
 1.742217E+01 3.038338E+01 3.779272E+01 5.384993E+02
 2.787770E+00 5.251131E+00 1.263802E+01 1.980925E+02
 1.606487E+02 7.682857E+01 1.201231E+02 1.134543E+03
 1.498965E+02 7.453577E+01 1.190101E+02 1.130399E+03
 3.398607E+00 1.083411E+01 2.621256E+01 3.158236E+02
*FILE TYPE =     4

Fitted gaseous transmissions and k-terms.
      in band     8: for absorber index     1
      at pressure  1.000E+00 Pa, and temperature  2.000E+02 K.


     Amount of absorber       Actual transmittance     Fitted transmittance
         kg/m2
          5.769611043E-05          9.998252921E-01          9.998371856E-01
          1.416037901E-04          9.995723801E-01          9.996012920E-01
          3.475387376E-04          9.989573708E-01          9.990267184E-01
          8.529656869E-04          9.974804682E-01          9.976418555E-01
          2.093437031E-03          9.940269020E-01          9.943809174E-01
          5.137930717E-03          9.863118288E-01          9.870334011E-01
          1.261004351E-02          9.698667212E-01          9.713442341E-01
          3.094887926E-02          9.353947717E-01          9.383821653E-01
          7.595795576E-02          8.661392878E-01          8.708423135E-01
          1.864239088E-01          7.463299183E-01          7.505276044E-01
          4.575409305E-01          5.864794593E-01          5.849207342E-01
          1.122944501E+00          4.393990189E-01          4.328833926E-01
          2.756047092E+00          3.524456566E-01          3.510931939E-01
          6.764177190E+00          2.993639668E-01          3.011697680E-01
          1.660134661E+01          2.384586935E-01          2.404017661E-01
          4.074475010E+01          1.679389918E-01          1.675603579E-01
          1.000000000E+02          1.051309746E-01          9.844640165E-02


     Number of terms =     8: Type of scaling =     2: Scaling function =     9
    k-term              Weight              Scaling parameters
     m2/kg
    6.363817949E-03    1.812995103E-01
    4.049926230E-02    1.435986494E-01
    1.543279653E-01    5.146508755E-02
    9.909612004E-01    1.632935967E-01
    2.666895565E+00    3.739952764E-01
    9.394254533E+00    7.886687569E-02
    4.450876702E+01    3.021956053E-03
    1.741943396E+02    4.459047953E-03


Lookup table:    3 pressures,    4 temperatures.
 1.000000E+00 2.000000E+02 5.000000E+02 1.000000E+03 2.000000E+03
 1.000000E+03 2.000000E+02 5.000000E+02 1.000000E+03 2.000000E+03
 1.000000E+06 2.000000E+02 5.000000E+02 1.000000E+03 2.000000E+03

Band:    8, gas:    1, k-terms:    8
 3.124250E-09 5.014057E-08 4.961912E-07 5.371030E-05
 1.183025E-06 1.693052E-05 4.321441E-05 7.629176E-04
 1.765253E-04 2.011298E-03 6.364163E-03 8.478667E-02
 2.394559E-07 5.516104E-06 8.913908E-05 8.259531E-03
 6.403474E-05 4.571289E-04 1.505011E-03 2.349277E-02
 1.199761E-02 2.456488E-02 4.050340E-02 5.886994E-01
 8.385690E-07 3.041172E-05 8.861180E-04 7.378534E-02
 3.066821E-04 1.937005E-03 5.084743E-03 1.091253E-01
 4.627889E-02 8.658027E-02 1.543217E-01 2.745153E+00
 3.435183E-06 2.444444E-04 6.585607E-03 3.357570E-01
 1.503155E-03 5.174971E-03 1.421883E-02 3.849745E-01
 2.767808E-01 7.543431E-01 9.974053E-01 1.171056E+01
 3.522993E-04 1.621318E-02 1.940437E-01 6.230513E+00
 1.722446E-02 4.727405E-02 2.188469E-01 6.350450E+00
 1.798905E+00 2.934871E+00 2.692399E+00 2.748496E+01
 1.742408E-01 3.365500E+00 8.161093E+00 1.196479E+02
 9.998085E-01 3.700778E+00 8.206491E+00 1.195111E+02
 1.298116E+01 1.131976E+01 9.289852E+00 8.621418E+01
 4.845219E+01 9.786683E+01 8.254280E+01 5.655584E+02
 5.255708E+01 9.784144E+01 8.192419E+01 5.635865E+02
 2.527056E+01 2.244146E+01 2.039594E+01 1.882031E+02
 2.484330E+02 2.911159E+02 1.760935E+02 9.664101E+02
 2.524134E+02 2.856733E+02 1.741908E+02 9.620322E+02
 2.984295E+01 2.724189E+01 2.494818E+01 2.637067E+02
*FILE TYPE =     4

Fitted gaseous transmissions and k-terms.
      in band     9: for absorber index     1
      at pressure  1.000E+00 Pa, and temperature  2.000E+02 K.


     Amount of absorber       Actual transmittance     Fitted transmittance
         kg/m2
          7.925067716E-03          9.991446295E-01          9.991946890E-01
          2.037523768E-02          9.978080054E-01          9.979354066E-01
          5.238444963E-02          9.944109567E-01          9.947301407E-01
          1.346796835E-01          9.859265731E-01          9.866956531E-01
          3.462595729E-01          9.655955718E-01          9.672857481E-01
          8.902284941E-01          9.209875089E-01          9.240435105E-01
          2.288764943E+00          8.369878720E-01          8.408208966E-01
          5.884382490E+00          7.085325893E-01          7.110088373E-01
          1.512866466E+01          5.554148491E-01          5.551591015E-01
          3.889558414E+01          4.067929740E-01          4.059111271E-01
          1.000000000E+02          2.613701015E-01          2.519434034E-01


     Number of terms =     5: Type of scaling =     2: Scaling function =     9
    k-term              Weight              Scaling parameters
     m2/kg
    6.279777155E-03    4.628029593E-01
    3.470246431E-02    1.593837966E-01
    1.242591661E-01    2.606643974E-01
    4.002715806E-01    1.009247300E-01
    1.268170344E+00    1.622411673E-02


Lookup table:    3 pressures,    4 temperatures.
 1.000000E+00 2.000000E+02 5.000000E+02 1.000000E+03 2.000000E+03
 1.000000E+03 2.000000E+02 5.000000E+02 1.000000E+03 2.000000E+03
 1.000000E+06 2.000000E+02 5.000000E+02 1.000000E+03 2.000000E+03

Band:    9, gas:    1, k-terms:    5
 4.693583E-09 5.324030E-08 2.166184E-06 5.556482E-04
 2.891671E-06 2.331656E-05 6.603504E-05 1.475473E-03
 8.155413E-04 2.805947E-03 6.279883E-03 8.842778E-02
 9.463480E-08 6.965448E-06 2.858925E-04 1.604290E-02
 4.614510E-05 2.288054E-04 7.339034E-04 1.931478E-02
 8.360311E-03 1.456623E-02 3.470598E-02 5.921769E-01
 3.570054E-06 1.126764E-03 9.252046E-03 2.253671E-01
 4.740223E-04 2.356202E-03 1.030933E-02 2.316295E-01
 2.519671E-02 8.349762E-02 1.243248E-01 1.610743E+00
 2.434883E-03 3.380289E-02 1.667556E-01 3.859141E+00
 1.187232E-02 4.305724E-02 1.690554E-01 3.866753E+00
 5.230866E-01 4.555999E-01 4.002927E-01 4.626818E+00
 3.375223E-01 1.844398E+00 3.128792E+00 3.202763E+01
 5.182773E-01 1.880945E+00 3.118418E+00 3.193282E+01
 1.645267E+00 1.507047E+00 1.252456E+00 1.191497E+01
*FILE TYPE =     4

Fitted gaseous transmissions and k-terms.
      in band    10: for absorber index     1
      at pressure  1.000E+00 Pa, and temperature  2.000E+02 K.


     Amount of absorber       Actual transmittance     Fitted transmittance
         kg/m2
          2.604722134E-02          9.992616628E-01          9.993583918E-01
          1.030705279E-01          9.971093651E-01          9.974814568E-01
          4.078566994E-01          9.890152601E-01          9.903394695E-01
          1.613915157E+00          9.621369082E-01          9.658570503E-01
          6.386365941E+00          8.957592059E-01          9.026163268E-01
          2.527126024E+01          7.858228976E-01          7.917014421E-01
          1.000000000E+02          6.398399668E-01          6.213828491E-01


     Number of terms =     3: Type of scaling =     2: Scaling function =     9
    k-term              Weight              Scaling parameters
     m2/kg
    2.936944183E-03    8.334496110E-01
    8.081010753E-02    1.377238645E-01
    3.858505951E-01    2.882652452E-02


Lookup table:    3 pressures,    4 temperatures.
 1.000000E+00 2.000000E+02 5.000000E+02 1.000000E+03 2.000000E+03
 1.000000E+03 2.000000E+02 5.000000E+02 1.000000E+03 2.000000E+03
 1.000000E+06 2.000000E+02 5.000000E+02 1.000000E+03 2.000000E+03

Band:   10, gas:    1, k-terms:    3
 1.431675E-07 6.471361E-05 4.944802E-04 4.376584E-03
 1.758295E-05 1.146809E-04 5.450174E-04 4.587825E-03
 2.100374E-03 2.029172E-03 2.936975E-03 1.980545E-02
 2.833367E-04 6.298275E-03 2.521878E-02 5.087610E-01
 6.363171E-04 6.466346E-03 2.548323E-02 5.110350E-01
 1.195206E-02 3.163936E-02 8.083501E-02 1.324886E+00
 2.724961E-02 1.647218E-01 4.373913E-01 9.156880E+00
 2.865796E-02 1.649007E-01 4.377840E-01 9.150723E+00
 2.809080E-02 1.644211E-01 3.851051E-01 5.813474E+00
