# Temperature, Pressure. Interpolation made from temperature_solid.dat
1.3806648909e+03	0.0000000000e+00
1.4972472353e+03	1.0000000000e+00
1.6350547439e+03	2.0000000000e+00
1.7587310312e+03	3.0000000000e+00
1.8645425896e+03	4.0000000000e+00
1.9512340024e+03	5.0000000000e+00
2.0201555634e+03	6.0000000000e+00
2.0748178007e+03	7.0000000000e+00
2.1183520189e+03	8.0000000000e+00
2.1533437300e+03	9.0000000000e+00
2.1820926729e+03	1.0000000000e+01
2.2075267236e+03	1.1000000000e+01
2.2312100224e+03	1.2000000000e+01
2.2534726601e+03	1.3000000000e+01
2.2746198492e+03	1.4000000000e+01
2.2948951341e+03	1.5000000000e+01
2.3145004245e+03	1.6000000000e+01
2.3335947061e+03	1.7000000000e+01
2.3522950646e+03	1.8000000000e+01
2.3706861000e+03	1.9000000000e+01
2.3888187797e+03	2.0000000000e+01
2.4067201378e+03	2.1000000000e+01
2.4243952255e+03	2.2000000000e+01
2.4418350604e+03	2.3000000000e+01
2.4590214954e+03	2.4000000000e+01
2.4759343028e+03	2.5000000000e+01
2.4925584516e+03	2.6000000000e+01
2.5088895481e+03	2.7000000000e+01
2.5249446032e+03	2.8000000000e+01
2.5408987929e+03	2.9000000000e+01
2.5568519235e+03	3.0000000000e+01
2.5728039432e+03	3.1000000000e+01
2.5887547773e+03	3.2000000000e+01
2.6047094031e+03	3.3000000000e+01
2.6206713000e+03	3.4000000000e+01
2.6366338476e+03	3.5000000000e+01
2.6525968756e+03	3.6000000000e+01
2.6685601995e+03	3.7000000000e+01
2.6845236215e+03	3.8000000000e+01
2.7004869314e+03	3.9000000000e+01
2.7164499084e+03	4.0000000000e+01
2.7324123220e+03	4.1000000000e+01
2.7483739331e+03	4.2000000000e+01
2.7643344950e+03	4.3000000000e+01
2.7802937542e+03	4.4000000000e+01
2.7962514515e+03	4.5000000000e+01
2.8122073239e+03	4.6000000000e+01
2.8281611042e+03	4.7000000000e+01
2.8441125207e+03	4.8000000000e+01
2.8600612976e+03	4.9000000000e+01
2.8760071583e+03	5.0000000000e+01
2.8919498269e+03	5.1000000000e+01
2.9078890244e+03	5.2000000000e+01
2.9238244701e+03	5.3000000000e+01
2.9397806328e+03	5.4000000000e+01
2.9557571149e+03	5.5000000000e+01
2.9717307597e+03	5.6000000000e+01
2.9877012638e+03	5.7000000000e+01
3.0036683248e+03	5.8000000000e+01
3.0196316426e+03	5.9000000000e+01
3.0355909197e+03	6.0000000000e+01
3.0515458599e+03	6.1000000000e+01
3.0674961690e+03	6.2000000000e+01
3.0834415556e+03	6.3000000000e+01
3.0993817316e+03	6.4000000000e+01
3.1153164115e+03	6.5000000000e+01
3.1312453125e+03	6.6000000000e+01
3.1472058055e+03	6.7000000000e+01
3.1631877517e+03	6.8000000000e+01
3.1791645941e+03	6.9000000000e+01
3.1951360409e+03	7.0000000000e+01
3.2111018042e+03	7.1000000000e+01
3.2270616001e+03	7.2000000000e+01
3.2430151489e+03	7.3000000000e+01
3.2589621749e+03	7.4000000000e+01
3.2749024060e+03	7.5000000000e+01
3.2908355744e+03	7.6000000000e+01
3.3067614167e+03	7.7000000000e+01
3.3227120390e+03	7.8000000000e+01
3.3386988301e+03	7.9000000000e+01
3.3546788491e+03	8.0000000000e+01
3.3706518292e+03	8.1000000000e+01
3.3866175071e+03	8.2000000000e+01
3.4025756243e+03	8.3000000000e+01
3.4185259284e+03	8.4000000000e+01
3.4344681707e+03	8.5000000000e+01
3.4504021062e+03	8.6000000000e+01
3.4663274945e+03	8.7000000000e+01
3.4822554477e+03	8.8000000000e+01
3.4982476637e+03	8.9000000000e+01
3.5142318117e+03	9.0000000000e+01
3.5302076505e+03	9.1000000000e+01
3.5461749433e+03	9.2000000000e+01
3.5621334574e+03	9.3000000000e+01
3.5780829646e+03	9.4000000000e+01
3.5940232420e+03	9.5000000000e+01
3.6099540706e+03	9.6000000000e+01
3.6258752357e+03	9.7000000000e+01
3.6418183313e+03	9.8000000000e+01
3.6578114560e+03	9.9000000000e+01
3.6737953410e+03	1.0000000000e+02
3.6897697725e+03	1.0100000000e+02
3.7057345402e+03	1.0200000000e+02
3.7216894380e+03	1.0300000000e+02
3.7376342638e+03	1.0400000000e+02
3.7535688194e+03	1.0500000000e+02
3.7694929113e+03	1.0600000000e+02
3.7854063500e+03	1.0700000000e+02
3.8013953916e+03	1.0800000000e+02
3.8173852348e+03	1.0900000000e+02
3.8333648087e+03	1.1000000000e+02
3.8493339243e+03	1.1100000000e+02
3.8652923967e+03	1.1200000000e+02
3.8812400449e+03	1.1300000000e+02
3.8971766914e+03	1.1400000000e+02
3.9131021625e+03	1.1500000000e+02
3.9290162883e+03	1.1600000000e+02
3.9449848206e+03	1.1700000000e+02
3.9609787897e+03	1.1800000000e+02
3.9769617684e+03	1.1900000000e+02
3.9929335879e+03	1.2000000000e+02
4.0088940831e+03	1.2100000000e+02
4.0248430918e+03	1.2200000000e+02
4.0407804555e+03	1.2300000000e+02
4.0567060186e+03	1.2400000000e+02
4.0726196300e+03	1.2500000000e+02
4.0885795938e+03	1.2600000000e+02
4.1045761248e+03	1.2700000000e+02
4.1205610347e+03	1.2800000000e+02
4.1365341730e+03	1.2900000000e+02
4.1524953925e+03	1.3000000000e+02
4.1684445489e+03	1.3100000000e+02
4.1843815013e+03	1.3200000000e+02
4.2003061125e+03	1.3300000000e+02
4.2162182484e+03	1.3400000000e+02
4.2321786097e+03	1.3500000000e+02
4.2481764695e+03	1.3600000000e+02
4.2641621625e+03	1.3700000000e+02
4.2801355548e+03	1.3800000000e+02
4.2960965156e+03	1.3900000000e+02
4.3120449171e+03	1.4000000000e+02
4.3279806349e+03	1.4100000000e+02
4.3439035469e+03	1.4200000000e+02
4.3598135339e+03	1.4300000000e+02
4.3757806627e+03	1.4400000000e+02
4.3917789227e+03	1.4500000000e+02
4.4077645476e+03	1.4600000000e+02
4.4237374188e+03	1.4700000000e+02
4.4396974207e+03	1.4800000000e+02
4.4556444400e+03	1.4900000000e+02
4.4715783662e+03	1.5000000000e+02
4.4874990914e+03	1.5100000000e+02
4.5034065097e+03	1.5200000000e+02
4.5193844906e+03	1.5300000000e+02
4.5353825358e+03	1.5400000000e+02
4.5513675477e+03	1.5500000000e+02
4.5673394214e+03	1.5600000000e+02
4.5832980544e+03	1.5700000000e+02
4.5992433464e+03	1.5800000000e+02
4.6151751998e+03	1.5900000000e+02
4.6310935190e+03	1.6000000000e+02
4.6469982105e+03	1.6100000000e+02
4.6629890997e+03	1.6200000000e+02
4.6789865780e+03	1.6300000000e+02
4.6949706875e+03	1.6400000000e+02
4.7109413351e+03	1.6500000000e+02
4.7268984300e+03	1.6600000000e+02
4.7428418839e+03	1.6700000000e+02
4.7587716104e+03	1.6800000000e+02
4.7746875248e+03	1.6900000000e+02
4.7905895450e+03	1.7000000000e+02
4.8065935808e+03	1.7100000000e+02
4.8225903939e+03	1.7200000000e+02
4.8385735578e+03	1.7300000000e+02
4.8545429907e+03	1.7400000000e+02
4.8704986125e+03	1.7500000000e+02
4.8864403453e+03	1.7600000000e+02
4.9023681125e+03	1.7700000000e+02
4.9182818396e+03	1.7800000000e+02
4.9341871583e+03	1.7900000000e+02
4.9501972417e+03	1.8000000000e+02
4.9661935186e+03	1.8100000000e+02
4.9821759142e+03	1.8200000000e+02
4.9981443565e+03	1.8300000000e+02
5.0140987753e+03	1.8400000000e+02
5.0300391015e+03	1.8500000000e+02
5.0459652680e+03	1.8600000000e+02
5.0618772089e+03	1.8700000000e+02
5.0777894462e+03	1.8800000000e+02
5.0937995184e+03	1.8900000000e+02
5.1097955870e+03	1.9000000000e+02
5.1257775864e+03	1.9100000000e+02
5.1417454527e+03	1.9200000000e+02
5.1576991236e+03	1.9300000000e+02
5.1736385388e+03	1.9400000000e+02
5.1895636389e+03	1.9500000000e+02
5.2054743661e+03	1.9600000000e+02
5.2213894182e+03	1.9700000000e+02
5.2373999362e+03	1.9800000000e+02
5.2533962924e+03	1.9900000000e+02
5.2693784291e+03	2.0000000000e+02
5.2853462897e+03	2.0100000000e+02
5.3012998197e+03	2.0200000000e+02
5.3172389656e+03	2.0300000000e+02
5.3331636754e+03	2.0400000000e+02
5.3490738981e+03	2.0500000000e+02
5.3649863643e+03	2.0600000000e+02
5.3809979605e+03	2.0700000000e+02
5.3969952706e+03	2.0800000000e+02
5.4129782436e+03	2.0900000000e+02
5.4289468301e+03	2.1000000000e+02
5.4449009817e+03	2.1100000000e+02
5.4608406514e+03	2.1200000000e+02
5.4767657933e+03	2.1300000000e+02
5.4926763629e+03	2.1400000000e+02
5.5085796560e+03	2.1500000000e+02
5.5245930940e+03	2.1600000000e+02
5.5405921513e+03	2.1700000000e+02
5.5565767830e+03	2.1800000000e+02
5.5725469457e+03	2.1900000000e+02
5.5885025968e+03	2.2000000000e+02
5.6044436950e+03	2.2100000000e+02
5.6203702002e+03	2.2200000000e+02
5.6362820732e+03	2.2300000000e+02
5.6521792760e+03	2.2400000000e+02
5.6681846319e+03	2.2500000000e+02
5.6841863529e+03	2.2600000000e+02
5.7001735851e+03	2.2700000000e+02
5.7161462901e+03	2.2800000000e+02
5.7321044308e+03	2.2900000000e+02
5.7480479711e+03	2.3000000000e+02
5.7639768755e+03	2.3100000000e+02
5.7798911101e+03	2.3200000000e+02
5.7957906416e+03	2.3300000000e+02
5.8117716798e+03	2.3400000000e+02
5.8277770870e+03	2.3500000000e+02
5.8437679638e+03	2.3600000000e+02
5.8597442769e+03	2.3700000000e+02
5.8757059935e+03	2.3800000000e+02
5.8916530822e+03	2.3900000000e+02
5.9075855123e+03	2.4000000000e+02
5.9235032538e+03	2.4100000000e+02
5.9394062779e+03	2.4200000000e+02
5.9553530640e+03	2.4300000000e+02
5.9713632740e+03	2.4400000000e+02
5.9873589316e+03	2.4500000000e+02
6.0033400077e+03	2.4600000000e+02
6.0193064738e+03	2.4700000000e+02
6.0352583025e+03	2.4800000000e+02
6.0511954669e+03	2.4900000000e+02
6.0671179413e+03	2.5000000000e+02
6.0830257005e+03	2.5100000000e+02
6.0989272876e+03	2.5200000000e+02
6.1149435019e+03	2.5300000000e+02
6.1309451578e+03	2.5400000000e+02
6.1469322298e+03	2.5500000000e+02
6.1629046932e+03	2.5600000000e+02
6.1788625238e+03	2.5700000000e+02
6.1948056992e+03	2.5800000000e+02
6.2107341969e+03	2.5900000000e+02
6.2266479955e+03	2.6000000000e+02
6.2425470738e+03	2.6100000000e+02
6.2585159196e+03	2.6200000000e+02
6.2745248618e+03	2.6300000000e+02
6.2905192328e+03	2.6400000000e+02
6.3064990110e+03	2.6500000000e+02
6.3224641758e+03	2.6600000000e+02
6.3384147072e+03	2.6700000000e+02
6.3543505859e+03	2.6800000000e+02
6.3702717931e+03	2.6900000000e+02
6.3861783110e+03	2.7000000000e+02
6.4020782299e+03	2.7100000000e+02
6.4180958121e+03	2.7200000000e+02
6.4340988476e+03	2.7300000000e+02
6.4500873179e+03	2.7400000000e+02
6.4660612052e+03	2.7500000000e+02
6.4820204923e+03	2.7600000000e+02
6.4979651626e+03	2.7700000000e+02
6.5138952003e+03	2.7800000000e+02
6.5298105900e+03	2.7900000000e+02
6.5457113167e+03	2.8000000000e+02
6.5616552255e+03	2.8100000000e+02
6.5776683494e+03	2.8200000000e+02
6.5936669456e+03	2.8300000000e+02
6.6096509989e+03	2.8400000000e+02
6.6256204947e+03	2.8500000000e+02
6.6415754190e+03	2.8600000000e+02
6.6575157583e+03	2.8700000000e+02
6.6734414998e+03	2.8800000000e+02
6.6893526308e+03	2.8900000000e+02
6.7052491397e+03	2.9000000000e+02
6.7212244098e+03	2.9100000000e+02
6.7372346129e+03	2.9200000000e+02
6.7532303216e+03	2.9300000000e+02
6.7692115236e+03	2.9400000000e+02
6.7851782071e+03	2.9500000000e+02
6.8011303608e+03	2.9600000000e+02
6.8170679737e+03	2.9700000000e+02
6.8329910358e+03	2.9800000000e+02
6.8488995372e+03	2.9900000000e+02
6.8647934687e+03	3.0000000000e+02
6.8807863416e+03	3.0100000000e+02
6.8967952489e+03	3.0200000000e+02
6.9127897074e+03	3.0300000000e+02
6.9287697073e+03	3.0400000000e+02
6.9447352393e+03	3.0500000000e+02
6.9606862944e+03	3.0600000000e+02
6.9766228641e+03	3.0700000000e+02
6.9925449406e+03	3.0800000000e+02
7.0084525161e+03	3.0900000000e+02
7.0243455837e+03	3.1000000000e+02
7.0403411733e+03	3.1100000000e+02
7.0563504752e+03	3.1200000000e+02
7.0723453841e+03	3.1300000000e+02
7.0883258926e+03	3.1400000000e+02
7.1042919934e+03	3.1500000000e+02
7.1202436797e+03	3.1600000000e+02
7.1361809450e+03	3.1700000000e+02
7.1521037835e+03	3.1800000000e+02
7.1680121895e+03	3.1900000000e+02
7.1839061582e+03	3.2000000000e+02
7.1998884210e+03	3.2100000000e+02
7.2158998691e+03	3.2200000000e+02
7.2318969887e+03	3.2300000000e+02
7.2478797744e+03	3.2400000000e+02
7.2638482207e+03	3.2500000000e+02
7.2798023227e+03	3.2600000000e+02
7.2957420759e+03	3.2700000000e+02
7.3116674762e+03	3.2800000000e+02
7.3275785197e+03	3.2900000000e+02
7.3434752031e+03	3.3000000000e+02
7.3594269059e+03	3.3100000000e+02
7.3754423131e+03	3.3200000000e+02
7.3914434638e+03	3.3300000000e+02
7.4074303539e+03	3.3400000000e+02
7.4234029800e+03	3.3500000000e+02
7.4393613389e+03	3.3600000000e+02
7.4553054276e+03	3.3700000000e+02
7.4712352436e+03	3.3800000000e+02
7.4871507848e+03	3.3900000000e+02
7.5030520491e+03	3.4000000000e+02
7.5189547329e+03	3.4100000000e+02
7.5349759631e+03	3.4200000000e+02
7.5509830145e+03	3.4300000000e+02
7.5669758846e+03	3.4400000000e+02
7.5829545712e+03	3.4500000000e+02
7.5989190725e+03	3.4600000000e+02
7.6148693871e+03	3.4700000000e+02
7.6308055138e+03	3.4800000000e+02
7.6467274518e+03	3.4900000000e+02
7.6626352004e+03	3.5000000000e+02
7.6785287594e+03	3.5100000000e+02
7.6944980774e+03	3.5200000000e+02
7.7105129497e+03	3.5300000000e+02
7.7265137250e+03	3.5400000000e+02
7.7425004024e+03	3.5500000000e+02
7.7584729816e+03	3.5600000000e+02
7.7744314622e+03	3.5700000000e+02
7.7903758444e+03	3.5800000000e+02
7.8063061285e+03	3.5900000000e+02
7.8222223151e+03	3.6000000000e+02
7.8381244050e+03	3.6100000000e+02
7.8540123995e+03	3.6200000000e+02
7.8700296816e+03	3.6300000000e+02
7.8860403295e+03	3.6400000000e+02
7.9020369685e+03	3.6500000000e+02
7.9180195993e+03	3.6600000000e+02
7.9339882226e+03	3.6700000000e+02
7.9499428396e+03	3.6800000000e+02
7.9658834519e+03	3.6900000000e+02
7.9818100612e+03	3.7000000000e+02
7.9977226695e+03	3.7100000000e+02
8.0136212789e+03	3.7200000000e+02
8.0295285106e+03	3.7300000000e+02
8.0455510428e+03	3.7400000000e+02
8.0615596585e+03	3.7500000000e+02
8.0775543593e+03	3.7600000000e+02
8.0935351471e+03	3.7700000000e+02
8.1095020240e+03	3.7800000000e+02
8.1254549923e+03	3.7900000000e+02
8.1413940545e+03	3.8000000000e+02
8.1573192134e+03	3.8100000000e+02
8.1732304720e+03	3.8200000000e+02
8.1891278335e+03	3.8300000000e+02
8.2050400953e+03	3.8400000000e+02
8.2210627449e+03	3.8500000000e+02
8.2370715746e+03	3.8600000000e+02
8.2530665874e+03	3.8700000000e+02
8.2690477863e+03	3.8800000000e+02
8.2850151744e+03	3.8900000000e+02
8.3009687552e+03	3.9000000000e+02
8.3169085321e+03	3.9100000000e+02
8.3328345091e+03	3.9200000000e+02
8.3487466900e+03	3.9300000000e+02
8.3646450792e+03	3.9400000000e+02
8.3805392085e+03	3.9500000000e+02
8.3965642703e+03	3.9600000000e+02
8.4125756129e+03	3.9700000000e+02
8.4285732401e+03	3.9800000000e+02
8.4445571556e+03	3.9900000000e+02
8.4605273634e+03	4.0000000000e+02
8.4764838678e+03	4.0100000000e+02
8.4924266732e+03	4.0200000000e+02
8.5083557843e+03	4.0300000000e+02
8.5242712061e+03	4.0400000000e+02
8.5401729437e+03	4.0500000000e+02
8.5560610021e+03	4.0600000000e+02
8.5720539159e+03	4.0700000000e+02
8.5880701175e+03	4.0800000000e+02
8.6040727076e+03	4.0900000000e+02
8.6200616909e+03	4.1000000000e+02
8.6360370722e+03	4.1100000000e+02
8.6519988565e+03	4.1200000000e+02
8.6679470491e+03	4.1300000000e+02
8.6838816552e+03	4.1400000000e+02
8.6998026805e+03	4.1500000000e+02
8.7157101306e+03	4.1600000000e+02
8.7316040113e+03	4.1700000000e+02
8.7475286326e+03	4.1800000000e+02
8.7635520892e+03	4.1900000000e+02
8.7795620399e+03	4.2000000000e+02
8.7955584903e+03	4.2100000000e+02
8.8115414458e+03	4.2200000000e+02
8.8275109121e+03	4.2300000000e+02
8.8434668952e+03	4.2400000000e+02
8.8594094009e+03	4.2500000000e+02
8.8753384356e+03	4.2600000000e+02
8.8912540054e+03	4.2700000000e+02
8.9071561169e+03	4.2800000000e+02
8.9230447767e+03	4.2900000000e+02
8.9390170490e+03	4.3000000000e+02
8.9550368072e+03	4.3100000000e+02
8.9710431725e+03	4.3200000000e+02
8.9870361510e+03	4.3300000000e+02
9.0030157490e+03	4.3400000000e+02
9.0189819728e+03	4.3500000000e+02
9.0349348290e+03	4.3600000000e+02
9.0508743244e+03	4.3700000000e+02
9.0668004659e+03	4.3800000000e+02
9.0827132604e+03	4.3900000000e+02
9.0986127151e+03	4.4000000000e+02
9.1144988371e+03	4.4100000000e+02
9.1304909452e+03	4.4200000000e+02
9.1465097201e+03	4.4300000000e+02
9.1625152170e+03	4.4400000000e+02
9.1785074426e+03	4.4500000000e+02
9.1944864037e+03	4.4600000000e+02
9.2104521074e+03	4.4700000000e+02
9.2264045608e+03	4.4800000000e+02
9.2423437712e+03	4.4900000000e+02
9.2582697460e+03	4.5000000000e+02
9.2741824927e+03	4.5100000000e+02
9.2900820188e+03	4.5200000000e+02
9.3059683323e+03	4.5300000000e+02
9.3219502996e+03	4.5400000000e+02
9.3379708633e+03	4.5500000000e+02
9.3539782651e+03	4.5600000000e+02
9.3699725121e+03	4.5700000000e+02
9.3859536119e+03	4.5800000000e+02
9.4019215720e+03	4.5900000000e+02
9.4178763999e+03	4.6000000000e+02
9.4338181035e+03	4.6100000000e+02
9.4497466906e+03	4.6200000000e+02
9.4656621693e+03	4.6300000000e+02
9.4815645475e+03	4.6400000000e+02
9.4974538334e+03	4.6500000000e+02
9.5133933412e+03	4.6600000000e+02
9.5294185211e+03	4.6700000000e+02
9.5454306552e+03	4.6800000000e+02
9.5614297513e+03	4.6900000000e+02
9.5774158170e+03	4.7000000000e+02
9.5933888603e+03	4.7100000000e+02
9.6093488894e+03	4.7200000000e+02
9.6252959123e+03	4.7300000000e+02
9.6412299376e+03	4.7400000000e+02
9.6571509738e+03	4.7500000000e+02
9.6730590294e+03	4.7600000000e+02
9.6889541129e+03	4.7700000000e+02
9.7048362330e+03	4.7800000000e+02
9.7208489472e+03	4.7900000000e+02
9.7368686939e+03	4.8000000000e+02
9.7528755197e+03	4.8100000000e+02
9.7688694328e+03	4.8200000000e+02
9.7848504415e+03	4.8300000000e+02
9.8008185543e+03	4.8400000000e+02
9.8167737795e+03	4.8500000000e+02
9.8327161259e+03	4.8600000000e+02
9.8486456020e+03	4.8700000000e+02
9.8645622166e+03	4.8800000000e+02
9.8804659787e+03	4.8900000000e+02
9.8963568971e+03	4.9000000000e+02
9.9122561913e+03	4.9100000000e+02
9.9282864963e+03	4.9200000000e+02
9.9443039967e+03	4.9300000000e+02
9.9603087008e+03	4.9400000000e+02
9.9763006175e+03	4.9500000000e+02
9.9922797555e+03	4.9600000000e+02
1.0008246124e+04	4.9700000000e+02
1.0024199731e+04	4.9800000000e+02
1.0040140586e+04	4.9900000000e+02
1.0056068698e+04	5.0000000000e+02
1.0071984077e+04	5.0100000000e+02
1.0087886730e+04	5.0200000000e+02
1.0103776668e+04	5.0300000000e+02
1.0119675728e+04	5.0400000000e+02
1.0135706908e+04	5.0500000000e+02
1.0151725407e+04	5.0600000000e+02
1.0167731235e+04	5.0700000000e+02
1.0183724401e+04	5.0800000000e+02
1.0199704913e+04	5.0900000000e+02
1.0215672782e+04	5.1000000000e+02
1.0231628015e+04	5.1100000000e+02
1.0247570622e+04	5.1200000000e+02
1.0263500612e+04	5.1300000000e+02
1.0279417995e+04	5.1400000000e+02
1.0295322780e+04	5.1500000000e+02
1.0311214977e+04	5.1600000000e+02
1.0327094595e+04	5.1700000000e+02
1.0343108561e+04	5.1800000000e+02
1.0359131374e+04	5.1900000000e+02
1.0375141639e+04	5.2000000000e+02
1.0391139366e+04	5.2100000000e+02
1.0407124565e+04	5.2200000000e+02
1.0423097243e+04	5.2300000000e+02
1.0439057412e+04	5.2400000000e+02
1.0455005080e+04	5.2500000000e+02
1.0470940257e+04	5.2600000000e+02
1.0486862952e+04	5.2700000000e+02
1.0502773175e+04	5.2800000000e+02
1.0518670936e+04	5.2900000000e+02
1.0534556244e+04	5.3000000000e+02
1.0550487076e+04	5.3100000000e+02
1.0566517587e+04	5.3200000000e+02
1.0582535673e+04	5.3300000000e+02
1.0598541344e+04	5.3400000000e+02
1.0614534610e+04	5.3500000000e+02
1.0630515479e+04	5.3600000000e+02
1.0646483961e+04	5.3700000000e+02
1.0662440066e+04	5.3800000000e+02
1.0678383804e+04	5.3900000000e+02
1.0694315184e+04	5.4000000000e+02
1.0710234216e+04	5.4100000000e+02
1.0726140910e+04	5.4200000000e+02
1.0742035277e+04	5.4300000000e+02
1.0757917325e+04	5.4400000000e+02
1.0773876565e+04	5.4500000000e+02
1.0789905932e+04	5.4600000000e+02
1.0805923005e+04	5.4700000000e+02
1.0821927795e+04	5.4800000000e+02
1.0837920310e+04	5.4900000000e+02
1.0853900560e+04	5.5000000000e+02
1.0869868556e+04	5.5100000000e+02
1.0885824306e+04	5.5200000000e+02
1.0901767821e+04	5.5300000000e+02
1.0917699110e+04	5.5400000000e+02
1.0933618184e+04	5.5500000000e+02
1.0949525052e+04	5.5600000000e+02
1.0965419725e+04	5.5700000000e+02
1.0981302212e+04	5.5800000000e+02
1.0997241484e+04	5.5900000000e+02
1.1013273503e+04	5.6000000000e+02
1.1029293358e+04	5.6100000000e+02
1.1045301058e+04	5.6200000000e+02
1.1061296614e+04	5.6300000000e+02
1.1077280035e+04	5.6400000000e+02
1.1093251330e+04	5.6500000000e+02
1.1109210511e+04	5.6600000000e+02
1.1125157587e+04	5.6700000000e+02
1.1141092567e+04	5.6800000000e+02
1.1157015463e+04	5.6900000000e+02
1.1172926283e+04	5.7000000000e+02
1.1188825039e+04	5.7100000000e+02
1.1204711740e+04	5.7200000000e+02
1.1220586397e+04	5.7300000000e+02
1.1236616541e+04	5.7400000000e+02
1.1252643060e+04	5.7500000000e+02
1.1268657552e+04	5.7600000000e+02
1.1284660027e+04	5.7700000000e+02
1.1300650495e+04	5.7800000000e+02
1.1316628965e+04	5.7900000000e+02
1.1332595449e+04	5.8000000000e+02
1.1348549955e+04	5.8100000000e+02
1.1364492494e+04	5.8200000000e+02
1.1380423077e+04	5.8300000000e+02
1.1396341713e+04	5.8400000000e+02
1.1412248412e+04	5.8500000000e+02
1.1428143186e+04	5.8600000000e+02
1.1444026043e+04	5.8700000000e+02
1.1459927131e+04	5.8800000000e+02
1.1475964292e+04	5.8900000000e+02
1.1491989553e+04	5.9000000000e+02
1.1508002922e+04	5.9100000000e+02
1.1524004409e+04	5.9200000000e+02
1.1539994025e+04	5.9300000000e+02
1.1555971779e+04	5.9400000000e+02
1.1571937683e+04	5.9500000000e+02
1.1587891744e+04	5.9600000000e+02
1.1603833975e+04	5.9700000000e+02
1.1619764385e+04	5.9800000000e+02
1.1635682985e+04	5.9900000000e+02
1.1651589784e+04	6.0000000000e+02
1.1667484792e+04	6.0100000000e+02
1.1683368022e+04	6.0200000000e+02
1.1699244506e+04	6.0300000000e+02
1.1715284620e+04	6.0400000000e+02
1.1731312966e+04	6.0500000000e+02
1.1747329553e+04	6.0600000000e+02
1.1763334392e+04	6.0700000000e+02
1.1779327493e+04	6.0800000000e+02
1.1795308865e+04	6.0900000000e+02
1.1811278519e+04	6.1000000000e+02
1.1827236466e+04	6.1100000000e+02
1.1843182715e+04	6.1200000000e+02
1.1859117277e+04	6.1300000000e+02
1.1875040161e+04	6.1400000000e+02
1.1890951379e+04	6.1500000000e+02
1.1906850940e+04	6.1600000000e+02
1.1922738855e+04	6.1700000000e+02
1.1938615134e+04	6.1800000000e+02
1.1954572436e+04	6.1900000000e+02
1.1970608325e+04	6.2000000000e+02
1.1986632587e+04	6.2100000000e+02
1.2002645231e+04	6.2200000000e+02
1.2018646267e+04	6.2300000000e+02
1.2034635705e+04	6.2400000000e+02
1.2050613555e+04	6.2500000000e+02
1.2066579828e+04	6.2600000000e+02
1.2082534533e+04	6.2700000000e+02
1.2098477681e+04	6.2800000000e+02
1.2114409282e+04	6.2900000000e+02
1.2130329346e+04	6.3000000000e+02
1.2146237884e+04	6.3100000000e+02
1.2162134906e+04	6.3200000000e+02
1.2178020423e+04	6.3300000000e+02
1.2193894444e+04	6.3400000000e+02
1.2209864926e+04	6.3500000000e+02
1.2225901443e+04	6.3600000000e+02
1.2241926470e+04	6.3700000000e+02
1.2257940016e+04	6.3800000000e+02
1.2273942092e+04	6.3900000000e+02
1.2289932708e+04	6.4000000000e+02
1.2305911874e+04	6.4100000000e+02
1.2321879600e+04	6.4200000000e+02
1.2337835897e+04	6.4300000000e+02
1.2353780774e+04	6.4400000000e+02
1.2369714242e+04	6.4500000000e+02
1.2385636311e+04	6.4600000000e+02
1.2401546992e+04	6.4700000000e+02
1.2417446294e+04	6.4800000000e+02
1.2433334228e+04	6.4900000000e+02
1.2449210805e+04	6.5000000000e+02
1.2465118966e+04	6.5100000000e+02
1.2481161103e+04	6.5200000000e+02
1.2497191883e+04	6.5300000000e+02
1.2513211317e+04	6.5400000000e+02
1.2529219414e+04	6.5500000000e+02
1.2545216186e+04	6.5600000000e+02
1.2561201642e+04	6.5700000000e+02
1.2577175792e+04	6.5800000000e+02
1.2593138647e+04	6.5900000000e+02
1.2609090217e+04	6.6000000000e+02
1.2625030512e+04	6.6100000000e+02
1.2640959542e+04	6.6200000000e+02
1.2656877317e+04	6.6300000000e+02
1.2672783849e+04	6.6400000000e+02
1.2688679147e+04	6.6500000000e+02
1.2704563221e+04	6.6600000000e+02
1.2720436082e+04	6.6700000000e+02
1.2736377352e+04	6.6800000000e+02
1.2752419027e+04	6.6900000000e+02
1.2768449487e+04	6.7000000000e+02
1.2784468743e+04	6.7100000000e+02
1.2800476803e+04	6.7200000000e+02
1.2816473679e+04	6.7300000000e+02
1.2832459379e+04	6.7400000000e+02
1.2848433916e+04	6.7500000000e+02
1.2864397297e+04	6.7600000000e+02
1.2880349535e+04	6.7700000000e+02
1.2896290638e+04	6.7800000000e+02
1.2912220617e+04	6.7900000000e+02
1.2928139482e+04	6.8000000000e+02
1.2944047244e+04	6.8100000000e+02
1.2959943912e+04	6.8200000000e+02
1.2975829497e+04	6.8300000000e+02
1.2991704009e+04	6.8400000000e+02
1.3007589878e+04	6.8500000000e+02
1.3023636680e+04	6.8600000000e+02
1.3039672404e+04	6.8700000000e+02
1.3055697061e+04	6.8800000000e+02
1.3071710660e+04	6.8900000000e+02
1.3087713211e+04	6.9000000000e+02
1.3103704725e+04	6.9100000000e+02
1.3119685211e+04	6.9200000000e+02
1.3135654680e+04	6.9300000000e+02
1.3151613141e+04	6.9400000000e+02
1.3167560606e+04	6.9500000000e+02
1.3183497083e+04	6.9600000000e+02
1.3199422583e+04	6.9700000000e+02
1.3215337116e+04	6.9800000000e+02
1.3231240693e+04	6.9900000000e+02
1.3247133323e+04	7.0000000000e+02
1.3263015017e+04	7.0100000000e+02
1.3278885784e+04	7.0200000000e+02
1.3294803033e+04	7.0300000000e+02
1.3310849800e+04	7.0400000000e+02
1.3326885632e+04	7.0500000000e+02
1.3342910540e+04	7.0600000000e+02
1.3358924533e+04	7.0700000000e+02
1.3374927622e+04	7.0800000000e+02
1.3390919816e+04	7.0900000000e+02
1.3406901125e+04	7.1000000000e+02
1.3422871560e+04	7.1100000000e+02
1.3438831130e+04	7.1200000000e+02
1.3454779846e+04	7.1300000000e+02
1.3470717717e+04	7.1400000000e+02
1.3486644754e+04	7.1500000000e+02
1.3502560967e+04	7.1600000000e+02
1.3518466366e+04	7.1700000000e+02
1.3534360960e+04	7.1800000000e+02
1.3550244761e+04	7.1900000000e+02
1.3566117777e+04	7.2000000000e+02
1.3581980020e+04	7.2100000000e+02
1.3598013228e+04	7.2200000000e+02
1.3614055435e+04	7.2300000000e+02
1.3630086856e+04	7.2400000000e+02
1.3646107502e+04	7.2500000000e+02
1.3662117383e+04	7.2600000000e+02
1.3678116507e+04	7.2700000000e+02
1.3694104886e+04	7.2800000000e+02
1.3710082529e+04	7.2900000000e+02
1.3726049446e+04	7.3000000000e+02
1.3742005647e+04	7.3100000000e+02
1.3757951141e+04	7.3200000000e+02
1.3773885940e+04	7.3300000000e+02
1.3789810052e+04	7.3400000000e+02
1.3805723488e+04	7.3500000000e+02
1.3821626258e+04	7.3600000000e+02
1.3837518372e+04	7.3700000000e+02
1.3853399839e+04	7.3800000000e+02
1.3869270670e+04	7.3900000000e+02
1.3885130875e+04	7.4000000000e+02
1.3901166805e+04	7.4100000000e+02
1.3917211248e+04	7.4200000000e+02
1.3933245051e+04	7.4300000000e+02
1.3949268223e+04	7.4400000000e+02
1.3965280772e+04	7.4500000000e+02
1.3981282711e+04	7.4600000000e+02
1.3997274047e+04	7.4700000000e+02
1.4013254791e+04	7.4800000000e+02
1.4029224953e+04	7.4900000000e+02
1.4045184542e+04	7.5000000000e+02
1.4061133569e+04	7.5100000000e+02
1.4077072042e+04	7.5200000000e+02
1.4092999973e+04	7.5300000000e+02
1.4108917371e+04	7.5400000000e+02
1.4124824246e+04	7.5500000000e+02
1.4140720607e+04	7.5600000000e+02
1.4156606465e+04	7.5700000000e+02
1.4172481830e+04	7.5800000000e+02
1.4188346711e+04	7.5900000000e+02
1.4204254839e+04	7.6000000000e+02
1.4220308589e+04	7.6100000000e+02
1.4236351838e+04	7.6200000000e+02
1.4252384595e+04	7.6300000000e+02
1.4268406869e+04	7.6400000000e+02
1.4284418671e+04	7.6500000000e+02
1.4300420010e+04	7.6600000000e+02
1.4316410895e+04	7.6700000000e+02
1.4332391336e+04	7.6800000000e+02
1.4348361344e+04	7.6900000000e+02
1.4364320927e+04	7.7000000000e+02
1.4380270096e+04	7.7100000000e+02
1.4396208860e+04	7.7200000000e+02
1.4412137229e+04	7.7300000000e+02
1.4428055213e+04	7.7400000000e+02
1.4443962821e+04	7.7500000000e+02
1.4459860064e+04	7.7600000000e+02
1.4475746950e+04	7.7700000000e+02
1.4491623490e+04	7.7800000000e+02
1.4507489694e+04	7.7900000000e+02
1.4523345571e+04	7.8000000000e+02
1.4539382942e+04	7.8100000000e+02
1.4555432664e+04	7.8200000000e+02
1.4571472038e+04	7.8300000000e+02
1.4587501074e+04	7.8400000000e+02
1.4603519780e+04	7.8500000000e+02
1.4619528166e+04	7.8600000000e+02
1.4635526243e+04	7.8700000000e+02
1.4651514018e+04	7.8800000000e+02
1.4667491503e+04	7.8900000000e+02
1.4683458706e+04	7.9000000000e+02
1.4699415637e+04	7.9100000000e+02
1.4715362307e+04	7.9200000000e+02
1.4731298723e+04	7.9300000000e+02
1.4747224896e+04	7.9400000000e+02
1.4763140836e+04	7.9500000000e+02
1.4779046552e+04	7.9600000000e+02
1.4794942054e+04	7.9700000000e+02
1.4810827352e+04	7.9800000000e+02
1.4826702454e+04	7.9900000000e+02
1.4842567372e+04	8.0000000000e+02
1.4858422113e+04	8.0100000000e+02
1.4874433206e+04	8.0200000000e+02
1.4890487225e+04	8.0300000000e+02
1.4906531044e+04	8.0400000000e+02
1.4922564672e+04	8.0500000000e+02
1.4938588118e+04	8.0600000000e+02
1.4954601391e+04	8.0700000000e+02
1.4970604502e+04	8.0800000000e+02
1.4986597459e+04	8.0900000000e+02
1.5002580271e+04	8.1000000000e+02
1.5018552949e+04	8.1100000000e+02
1.5034515502e+04	8.1200000000e+02
1.5050467939e+04	8.1300000000e+02
1.5066410269e+04	8.1400000000e+02
1.5082342502e+04	8.1500000000e+02
1.5098264648e+04	8.1600000000e+02
1.5114176715e+04	8.1700000000e+02
1.5130078714e+04	8.1800000000e+02
1.5145970654e+04	8.1900000000e+02
1.5161852544e+04	8.2000000000e+02
1.5177724393e+04	8.2100000000e+02
1.5193586212e+04	8.2200000000e+02
1.5209438009e+04	8.2300000000e+02
1.5225454543e+04	8.2400000000e+02
1.5241511542e+04	8.2500000000e+02
1.5257558490e+04	8.2600000000e+02
1.5273595397e+04	8.2700000000e+02
1.5289622273e+04	8.2800000000e+02
1.5305639127e+04	8.2900000000e+02
1.5321645968e+04	8.3000000000e+02
1.5337642806e+04	8.3100000000e+02
1.5353629649e+04	8.3200000000e+02
1.5369606508e+04	8.3300000000e+02
1.5385573391e+04	8.3400000000e+02
1.5401530307e+04	8.3500000000e+02
1.5417477267e+04	8.3600000000e+02
1.5433414278e+04	8.3700000000e+02
1.5449341351e+04	8.3800000000e+02
1.5465258495e+04	8.3900000000e+02
1.5481165719e+04	8.4000000000e+02
1.5497063033e+04	8.4100000000e+02
1.5512950445e+04	8.4200000000e+02
1.5528827965e+04	8.4300000000e+02
1.5544695603e+04	8.4400000000e+02
1.5560553367e+04	8.4500000000e+02
1.5576401266e+04	8.4600000000e+02
1.5592439261e+04	8.4700000000e+02
1.5608498857e+04	8.4800000000e+02
1.5624548556e+04	8.4900000000e+02
1.5640588368e+04	8.5000000000e+02
1.5656618302e+04	8.5100000000e+02
1.5672638367e+04	8.5200000000e+02
1.5688648572e+04	8.5300000000e+02
1.5704648926e+04	8.5400000000e+02
1.5720639439e+04	8.5500000000e+02
1.5736620119e+04	8.5600000000e+02
1.5752590975e+04	8.5700000000e+02
1.5768552017e+04	8.5800000000e+02
1.5784503254e+04	8.5900000000e+02
1.5800444694e+04	8.6000000000e+02
1.5816376348e+04	8.6100000000e+02
1.5832298223e+04	8.6200000000e+02
1.5848210329e+04	8.6300000000e+02
1.5864112676e+04	8.6400000000e+02
1.5880005272e+04	8.6500000000e+02
1.5895888127e+04	8.6600000000e+02
1.5911761249e+04	8.6700000000e+02
1.5927624649e+04	8.6800000000e+02
1.5943478334e+04	8.6900000000e+02
1.5959322314e+04	8.7000000000e+02