# WL(nm)	 Flux(ergs/cm**2/s/nm)  # 2-121.6 nm: VPL; 122.5nm- Gueymard 2018 (Synthetic/composite Extraterrestrial Spectrum)
2.0         	1.95E+02
4.0         	3.19E+02
6.0         	1.00E+03
8.0         	7.79E+02
10.0        	4.33E+02
12.0        	1.90E+02
14.0        	1.64E+02
16.0        	1.99E+03
18.0        	1.78E+03
20.0        	1.21E+03
22.0        	7.35E+02
24.0        	6.76E+02
26.0        	1.03E+03
28.0        	6.88E+02
30.0        	5.04E+02
30.38       	1.88E+05
32.0        	4.80E+02
34.0        	4.53E+02
36.0        	1.05E+02
36.81       	1.84E+04
38.0        	9.96E+01
40.0        	1.35E+02
42.0        	1.67E+02
44.0        	1.60E+02
46.0        	2.95E+02
48.0        	1.15E+02
49.93       	1.49E+02
50.0        	1.39E+02
52.0        	1.75E+02
54.0        	1.69E+02
55.45       	1.32E+04
56.0        	1.56E+02
58.0        	1.51E+02
58.47       	2.47E+04
60.0        	9.91E+01
60.94       	6.76E+03
62.0        	4.82E+01
62.53       	5.11E+01
62.97       	2.18E+04
64.0        	4.92E+01
66.0        	6.08E+01
68.0        	5.90E+01
70.0        	3.03E+02
72.0        	4.19E+01
74.0        	4.07E+01
76.0        	2.08E+02
76.46       	2.39E+03
77.04       	2.89E+03
78.0        	2.02E+02
79.02       	9.19E+03
80.0        	3.17E+02
82.0        	4.26E+02
83.42       	4.24E+02
84.0        	3.96E+02
86.0        	9.32E+02
88.0        	9.11E+02
90.0        	8.71E+02
92.0        	7.88E+02
92.31       	8.36E+02
93.34       	8.27E+02
93.78       	8.23E+02
94.0        	6.89E+02
94.97       	8.13E+02
96.0        	3.37E+02
97.25       	3.36E+02
97.7        	5.59E+04
98.0        	3.14E+02
99.1        	5.02E+02
100.0       	4.67E+02
102.0       	6.49E+02
102.6       	3.91E+04
103.5       	2.24E+03
106.0       	1.71E+03
111.0       	2.30E+03
115.5       	2.11E+03
119.0       	2.18E+03
121.0       	4.67E+03
121.6       	2.50E+06
122.5           2.757E+03
123.5           1.956E+03
124.5           1.488E+03
125.5           1.410E+03
126.5           2.080E+03
127.5           1.092E+03
128.5           8.933E+02
129.5           1.051E+03
130.5           8.402E+03
131.5           1.371E+03
132.5           1.050E+03
133.5           1.000E+04
134.5           9.354E+02
135.5           2.134E+03
136.5           1.386E+03
137.5           1.474E+03
138.5           1.460E+03
139.5           4.285E+03
140.5           3.558E+03
141.5           2.096E+03
142.5           2.264E+03
143.5           2.639E+03
144.5           2.568E+03
145.5           2.761E+03
146.5           3.433E+03
147.5           4.262E+03
148.5           4.345E+03
149.5           3.918E+03
150.5           4.367E+03
151.5           4.721E+03
152.5           5.946E+03
153.5           6.608E+03
154.5           1.176E+04
155.5           9.715E+03
156.5           9.770E+03
157.5           8.832E+03
158.5           8.494E+03
159.5           8.489E+03
160.5           9.544E+03
161.5           1.119E+04
162.5           1.285E+04
163.5           1.409E+04
164.5           1.568E+04
165.5           2.448E+04
166.5           1.709E+04
167.5           2.017E+04
168.5           2.244E+04
169.5           2.939E+04
170.5           3.399E+04
171.5           3.411E+04
172.5           3.682E+04
173.5           3.696E+04
174.5           4.539E+04
175.5           5.590E+04
176.5           6.057E+04
177.5           7.306E+04
178.5           8.147E+04
179.5           7.967E+04
180.5           9.530E+04
181.5           1.147E+05
182.5           1.069E+05
183.5           1.143E+05
184.5           9.775E+04
185.5           1.118E+05
186.5           1.280E+05
187.5           1.485E+05
188.5           1.573E+05
189.5           1.773E+05
190.5           1.835E+05
191.5           2.016E+05
192.5           2.157E+05
193.5           1.633E+05
194.5           2.729E+05
195.5           2.661E+05
196.5           3.011E+05
197.5           3.053E+05
198.5           3.079E+05
199.5           3.344E+05
200.0           3.286E+05
200.5           3.399E+05
201.0           3.732E+05
201.5           3.909E+05
202.0           4.056E+05
202.5           3.906E+05
203.0           4.247E+05
203.5           4.361E+05
204.0           4.586E+05
204.5           4.981E+05
205.0           5.055E+05
205.5           5.085E+05
206.0           5.114E+05
206.5           5.268E+05
207.0           5.786E+05
207.5           6.069E+05
208.0           6.359E+05
208.5           7.100E+05
209.0           8.636E+05
209.5           1.013E+06
210.0           1.187E+06
210.5           1.334E+06
211.0           1.443E+06
211.5           1.594E+06
212.0           1.707E+06
212.5           1.354E+06
213.0           1.492E+06
213.5           1.510E+06
214.0           1.782E+06
214.5           1.966E+06
215.0           1.842E+06
215.5           1.740E+06
216.0           1.613E+06
216.5           1.563E+06
217.0           1.573E+06
217.5           1.593E+06
218.0           2.033E+06
218.5           2.156E+06
219.0           2.163E+06
219.5           2.294E+06
220.0           2.363E+06
220.5           2.371E+06
221.0           1.735E+06
221.5           1.877E+06
222.0           2.078E+06
222.5           2.367E+06
223.0           2.698E+06
223.5           3.092E+06
224.0           2.953E+06
224.5           2.794E+06
225.0           2.654E+06
225.5           2.417E+06
226.0           2.173E+06
226.5           1.772E+06
227.0           1.657E+06
227.5           1.752E+06
228.0           2.265E+06
228.5           2.521E+06
229.0           2.282E+06
229.5           2.285E+06
230.0           1.989E+06
230.5           2.586E+06
231.0           2.466E+06
231.5           2.341E+06
232.0           2.368E+06
232.5           2.544E+06
233.0           2.291E+06
233.5           2.108E+06
234.0           1.898E+06
234.5           1.616E+06
235.0           2.048E+06
235.5           2.581E+06
236.0           2.254E+06
236.5           2.192E+06
237.0           2.357E+06
237.5           2.281E+06
238.0           2.040E+06
238.5           1.805E+06
239.0           2.109E+06
239.5           2.017E+06
240.0           1.997E+06
240.5           1.839E+06
241.0           1.876E+06
241.5           2.298E+06
242.0           2.971E+06
242.5           3.267E+06
243.0           3.275E+06
243.5           3.000E+06
244.0           3.072E+06
244.5           2.925E+06
245.0           2.533E+06
245.5           2.306E+06
246.0           2.306E+06
246.5           2.290E+06
247.0           2.527E+06
247.5           2.671E+06
248.0           2.389E+06
248.5           2.126E+06
249.0           1.954E+06
249.5           2.653E+06
250.0           2.947E+06
250.5           2.761E+06
251.0           2.582E+06
251.5           2.131E+06
252.0           1.916E+06
252.5           1.880E+06
253.0           2.108E+06
253.5           2.406E+06
254.0           2.582E+06
254.5           2.760E+06
255.0           2.989E+06
255.5           3.820E+06
256.0           4.138E+06
256.5           4.477E+06
257.0           5.647E+06
257.5           5.713E+06
258.0           6.315E+06
258.5           5.693E+06
259.0           5.918E+06
259.5           4.902E+06
260.0           3.855E+06
260.5           4.297E+06
261.0           3.815E+06
261.5           4.011E+06
262.0           4.886E+06
262.5           5.138E+06
263.0           4.388E+06
263.5           7.280E+06
264.0           1.137E+07
264.5           1.219E+07
265.0           1.066E+07
265.5           1.242E+07
266.0           1.227E+07
266.5           1.175E+07
267.0           1.155E+07
267.5           1.231E+07
268.0           1.190E+07
268.5           1.199E+07
269.0           1.125E+07
269.5           1.133E+07
270.0           1.225E+07
270.5           1.306E+07
271.0           1.233E+07
271.5           1.123E+07
272.0           8.129E+06
272.5           9.061E+06
273.0           1.098E+07
273.5           9.574E+06
274.0           6.974E+06
274.5           6.177E+06
275.0           6.645E+06
275.5           8.394E+06
276.0           1.070E+07
276.5           1.199E+07
277.0           1.192E+07
277.5           1.188E+07
278.0           9.098E+06
278.5           7.811E+06
279.0           5.798E+06
279.5           3.772E+06
280.0           3.607E+06
280.5           4.488E+06
281.0           7.226E+06
281.5           1.022E+07
282.0           1.257E+07
282.5           1.396E+07
283.0           1.502E+07
283.5           1.479E+07
284.0           1.429E+07
284.5           1.142E+07
285.0           6.663E+06
285.5           6.551E+06
286.0           1.235E+07
286.5           1.559E+07
287.0           1.693E+07
287.5           1.663E+07
288.0           1.355E+07
288.5           1.577E+07
289.0           1.900E+07
289.5           2.251E+07
290.0           2.698E+07
290.5           2.868E+07
291.0           2.818E+07
291.5           2.719E+07
292.0           2.586E+07
292.5           2.405E+07
293.0           2.522E+07
293.5           2.599E+07
294.0           2.409E+07
294.5           2.437E+07
295.0           2.397E+07
295.5           2.597E+07
296.0           2.692E+07
296.5           2.365E+07
297.0           2.018E+07
297.5           2.492E+07
298.0           2.519E+07
298.5           1.824E+07
299.0           2.394E+07
299.5           2.323E+07
300.0           2.075E+07
300.5           1.979E+07
301.0           2.157E+07
301.5           2.304E+07
302.0           2.028E+07
302.5           2.458E+07
303.0           2.950E+07
303.5           3.047E+07
304.0           2.814E+07
304.5           2.937E+07
305.0           2.964E+07
305.5           2.864E+07
306.0           2.533E+07
306.5           2.668E+07
307.0           2.846E+07
307.5           2.968E+07
308.0           2.992E+07
308.5           3.007E+07
309.0           2.606E+07
309.5           2.338E+07
310.0           2.281E+07
310.5           3.056E+07
311.0           3.597E+07
311.5           3.476E+07
312.0           3.036E+07
312.5           3.109E+07
313.0           3.219E+07
313.5           3.308E+07
314.0           3.476E+07
314.5           2.885E+07
315.0           3.261E+07
315.5           3.039E+07
316.0           2.573E+07
316.5           3.006E+07
317.0           3.566E+07
317.5           3.798E+07
318.0           3.048E+07
318.5           3.059E+07
319.0           3.369E+07
319.5           3.236E+07
320.0           3.754E+07
320.5           3.940E+07
321.0           3.429E+07
321.5           3.166E+07
322.0           3.542E+07
322.5           3.231E+07
323.0           3.000E+07
323.5           3.134E+07
324.0           3.457E+07
324.5           3.684E+07
325.0           3.709E+07
325.5           4.265E+07
326.0           4.675E+07
326.5           4.590E+07
327.0           4.597E+07
327.5           4.528E+07
328.0           4.380E+07
328.5           4.257E+07
329.0           4.617E+07
329.5           5.106E+07
330.0           5.157E+07
330.5           4.562E+07
331.0           4.551E+07
331.5           4.475E+07
332.0           4.598E+07
332.5           4.414E+07
333.0           4.436E+07
333.5           4.258E+07
334.0           4.319E+07
334.5           4.650E+07
335.0           4.412E+07
335.5           4.604E+07
336.0           3.760E+07
336.5           3.967E+07
337.0           3.604E+07
337.5           4.144E+07
338.0           4.190E+07
338.5           4.316E+07
339.0           4.449E+07
339.5           4.331E+07
340.0           4.988E+07
340.5           4.640E+07
341.0           4.397E+07
341.5           4.103E+07
342.0           4.634E+07
342.5           4.435E+07
343.0           4.868E+07
343.5           4.573E+07
344.0           3.835E+07
344.5           3.530E+07
345.0           4.344E+07
345.5           4.540E+07
346.0           4.193E+07
346.5           4.395E+07
347.0           4.512E+07
347.5           4.062E+07
348.0           4.259E+07
348.5           4.349E+07
349.0           4.155E+07
349.5           4.126E+07
350.0           4.673E+07
350.5           5.077E+07
351.0           4.795E+07
351.5           4.518E+07
352.0           4.642E+07
352.5           4.053E+07
353.0           4.642E+07
353.5           5.002E+07
354.0           5.231E+07
354.5           5.288E+07
355.0           5.298E+07
355.5           4.882E+07
356.0           4.847E+07
356.5           4.346E+07
357.0           3.747E+07
357.5           4.079E+07
358.0           3.587E+07
358.5           3.110E+07
359.0           4.037E+07
359.5           4.990E+07
360.0           5.246E+07
360.5           4.571E+07
361.0           4.124E+07
361.5           4.471E+07
362.0           4.209E+07
362.5           5.000E+07
363.0           4.962E+07
363.5           4.547E+07
364.0           5.213E+07
364.5           4.771E+07
365.0           4.830E+07
365.5           5.723E+07
366.0           5.953E+07
366.5           5.852E+07
367.0           5.680E+07
367.5           5.800E+07
368.0           5.261E+07
368.5           5.262E+07
369.0           5.434E+07
369.5           5.878E+07
370.0           6.035E+07
370.5           5.269E+07
371.0           5.279E+07
371.5           5.915E+07
372.0           4.870E+07
372.5           4.870E+07
373.0           5.064E+07
373.5           3.859E+07
374.0           4.474E+07
374.5           4.280E+07
375.0           4.110E+07
375.5           5.385E+07
376.0           5.042E+07
376.5           5.095E+07
377.0           5.422E+07
377.5           6.135E+07
378.0           6.607E+07
378.5           6.395E+07
379.0           5.422E+07
379.5           4.980E+07
380.0           4.995E+07
380.5           5.905E+07
381.0           5.944E+07
381.5           4.997E+07
382.0           4.311E+07
382.5           3.666E+07
383.0           3.325E+07
383.5           3.193E+07
384.0           3.654E+07
384.5           4.701E+07
385.0           4.929E+07
385.5           4.705E+07
386.0           4.303E+07
386.5           4.932E+07
387.0           4.597E+07
387.5           4.690E+07
388.0           4.610E+07
388.5           4.549E+07
389.0           4.844E+07
389.5           5.672E+07
390.0           5.834E+07
390.5           5.585E+07
391.0           6.214E+07
391.5           6.461E+07
392.0           5.672E+07
392.5           4.874E+07
393.0           3.094E+07
393.5           2.242E+07
394.0           3.649E+07
394.5           4.960E+07
395.0           5.960E+07
395.5           6.214E+07
396.0           5.454E+07
396.5           3.504E+07
397.0           2.803E+07
397.5           4.615E+07
398.0           6.571E+07
398.5           7.058E+07
399.0           7.635E+07
399.5           7.754E+07
400.0           7.812E+07
401.0           7.981E+07
402.0           8.213E+07
403.0           7.963E+07
404.0           7.918E+07
405.0           7.768E+07
406.0           7.595E+07
407.0           7.573E+07
408.0           7.794E+07
409.0           8.389E+07
410.0           7.330E+07
411.0           8.041E+07
412.0           8.504E+07
413.0           8.145E+07
414.0           8.296E+07
415.0           8.201E+07
416.0           8.451E+07
417.0           8.164E+07
418.0           7.978E+07
419.0           8.052E+07
420.0           7.892E+07
421.0           8.357E+07
422.0           8.086E+07
423.0           7.721E+07
424.0           7.985E+07
425.0           7.994E+07
426.0           7.825E+07
427.0           7.643E+07
428.0           7.658E+07
429.0           7.248E+07
430.0           6.196E+07
431.0           6.192E+07
432.0           8.059E+07
433.0           8.077E+07
434.0           7.439E+07
435.0           8.087E+07
436.0           8.609E+07
437.0           8.593E+07
438.0           7.913E+07
439.0           7.951E+07
440.0           8.337E+07
441.0           8.549E+07
442.0           9.073E+07
443.0           9.048E+07
444.0           9.127E+07
445.0           9.079E+07
446.0           8.634E+07
447.0           9.194E+07
448.0           9.372E+07
449.0           9.403E+07
450.0           9.588E+07
451.0           9.936E+07
452.0           9.608E+07
453.0           8.955E+07
454.0           9.375E+07
455.0           9.243E+07
456.0           9.565E+07
457.0           9.692E+07
458.0           9.505E+07
459.0           9.443E+07
460.0           9.389E+07
461.0           9.664E+07
462.0           9.720E+07
463.0           9.710E+07
464.0           9.563E+07
465.0           9.358E+07
466.0           9.413E+07
467.0           9.209E+07
468.0           9.357E+07
469.0           9.404E+07
470.0           9.178E+07
471.0           9.152E+07
472.0           9.625E+07
473.0           9.437E+07
474.0           9.501E+07
475.0           9.603E+07
476.0           9.393E+07
477.0           9.503E+07
478.0           9.706E+07
479.0           9.537E+07
480.0           9.654E+07
481.0           9.620E+07
482.0           9.724E+07
483.0           9.550E+07
484.0           9.300E+07
485.0           9.109E+07
486.0           7.848E+07
487.0           8.322E+07
488.0           8.974E+07
489.0           8.974E+07
490.0           9.425E+07
491.0           9.259E+07
492.0           8.804E+07
493.0           9.109E+07
494.0           9.143E+07
495.0           9.419E+07
496.0           9.190E+07
497.0           9.326E+07
498.0           9.074E+07
499.0           9.011E+07
500.0           8.931E+07
501.0           8.702E+07
502.0           8.716E+07
503.0           8.948E+07
504.0           8.875E+07
505.0           9.017E+07
506.0           9.301E+07
507.0           9.003E+07
508.0           8.758E+07
509.0           8.979E+07
510.0           8.860E+07
511.0           8.962E+07
512.0           9.050E+07
513.0           8.638E+07
514.0           8.541E+07
515.0           8.604E+07
516.0           8.518E+07
517.0           7.523E+07
518.0           7.901E+07
519.0           8.100E+07
520.0           8.493E+07
521.0           8.558E+07
522.0           8.668E+07
523.0           8.458E+07
524.0           8.893E+07
525.0           8.875E+07
526.0           8.509E+07
527.0           7.961E+07
528.0           8.618E+07
529.0           8.986E+07
530.0           8.889E+07
531.0           9.063E+07
532.0           8.803E+07
533.0           8.440E+07
534.0           8.724E+07
535.0           8.796E+07
536.0           8.974E+07
537.0           8.638E+07
538.0           8.773E+07
539.0           8.702E+07
540.0           8.379E+07
541.0           8.365E+07
542.0           8.682E+07
543.0           8.541E+07
544.0           8.768E+07
545.0           8.724E+07
546.0           8.748E+07
547.0           8.666E+07
548.0           8.596E+07
549.0           8.693E+07
550.0           8.700E+07
551.0           8.645E+07
552.0           8.700E+07
553.0           8.569E+07
554.0           8.715E+07
555.0           8.759E+07
556.0           8.627E+07
557.0           8.454E+07
558.0           8.490E+07
559.0           8.301E+07
560.0           8.396E+07
561.0           8.548E+07
562.0           8.423E+07
563.0           8.584E+07
564.0           8.509E+07
565.0           8.492E+07
566.0           8.261E+07
567.0           8.529E+07
568.0           8.507E+07
569.0           8.449E+07
570.0           8.463E+07
571.0           8.210E+07
572.0           8.535E+07
573.0           8.652E+07
574.0           8.626E+07
575.0           8.491E+07
576.0           8.452E+07
577.0           8.523E+07
578.0           8.384E+07
579.0           8.384E+07
580.0           8.455E+07
581.0           8.444E+07
582.0           8.544E+07
583.0           8.545E+07
584.0           8.527E+07
585.0           8.400E+07
586.0           8.227E+07
587.0           8.393E+07
588.0           8.311E+07
589.0           7.685E+07
590.0           7.965E+07
591.0           8.268E+07
592.0           8.292E+07
593.0           8.246E+07
594.0           8.253E+07
595.0           8.179E+07
596.0           8.229E+07
597.0           8.263E+07
598.0           8.155E+07
599.0           8.128E+07
600.0           8.112E+07
601.0           8.052E+07
602.0           7.987E+07
603.0           8.031E+07
604.0           8.167E+07
605.0           8.153E+07
606.0           8.091E+07
607.0           8.093E+07
608.0           8.031E+07
609.0           7.977E+07
610.0           7.937E+07
611.0           7.936E+07
612.0           7.935E+07
613.0           7.841E+07
614.0           7.739E+07
615.0           7.851E+07
616.0           7.650E+07
617.0           7.601E+07
618.0           7.837E+07
619.0           7.811E+07
620.0           7.857E+07
621.0           7.877E+07
622.0           7.798E+07
623.0           7.727E+07
624.0           7.612E+07
625.0           7.561E+07
626.0           7.602E+07
627.0           7.756E+07
628.0           7.773E+07
629.0           7.759E+07
630.0           7.644E+07
631.0           7.623E+07
632.0           7.511E+07
633.0           7.640E+07
634.0           7.557E+07
635.0           7.612E+07
636.0           7.504E+07
637.0           7.594E+07
638.0           7.604E+07
639.0           7.580E+07
640.0           7.461E+07
641.0           7.422E+07
642.0           7.411E+07
643.0           7.463E+07
644.0           7.414E+07
645.0           7.445E+07
646.0           7.383E+07
647.0           7.363E+07
648.0           7.365E+07
649.0           7.268E+07
650.0           7.131E+07
651.0           7.413E+07
652.0           7.356E+07
653.0           7.327E+07
654.0           7.209E+07
655.0           7.048E+07
656.0           6.372E+07
657.0           6.371E+07
658.0           7.024E+07
659.0           7.131E+07
660.0           7.140E+07
661.0           7.185E+07
662.0           7.189E+07
663.0           7.118E+07
664.0           7.068E+07
665.0           7.097E+07
666.0           7.064E+07
667.0           7.047E+07
668.0           7.060E+07
669.0           7.124E+07
670.0           7.054E+07
671.0           7.029E+07
672.0           6.976E+07
673.0           7.031E+07
674.0           7.013E+07
675.0           6.951E+07
676.0           6.974E+07
677.0           6.943E+07
678.0           6.939E+07
679.0           6.897E+07
680.0           6.847E+07
681.0           6.867E+07
682.0           6.858E+07
683.0           6.831E+07
684.0           6.799E+07
685.0           6.737E+07
686.0           6.670E+07
687.0           6.805E+07
688.0           6.806E+07
689.0           6.799E+07
690.0           6.777E+07
691.0           6.733E+07
692.0           6.677E+07
693.0           6.694E+07
694.0           6.694E+07
695.0           6.675E+07
696.0           6.682E+07
697.0           6.675E+07
698.0           6.571E+07
699.0           6.645E+07
700.0           6.528E+07
701.0           6.407E+07
702.0           6.414E+07
703.0           6.439E+07
704.0           6.513E+07
705.0           6.559E+07
706.0           6.516E+07
707.0           6.442E+07
708.0           6.477E+07
709.0           6.403E+07
710.0           6.438E+07
711.0           6.416E+07
712.0           6.381E+07
713.0           6.345E+07
714.0           6.359E+07
715.0           6.270E+07
716.0           6.284E+07
717.0           6.227E+07
718.0           6.209E+07
719.0           6.140E+07
720.0           6.230E+07
721.0           6.182E+07
722.0           6.202E+07
723.0           6.245E+07
724.0           6.241E+07
725.0           6.210E+07
726.0           6.208E+07
727.0           6.226E+07
728.0           6.109E+07
729.0           6.036E+07
730.0           6.118E+07
731.0           6.095E+07
732.0           6.106E+07
733.0           6.075E+07
734.0           6.112E+07
735.0           6.060E+07
736.0           6.029E+07
737.0           6.042E+07
738.0           5.992E+07
739.0           5.886E+07
740.0           5.900E+07
741.0           5.826E+07
742.0           5.845E+07
743.0           5.944E+07
744.0           5.937E+07
745.0           5.895E+07
746.0           5.945E+07
747.0           5.948E+07
748.0           5.919E+07
749.0           5.880E+07
750.0           5.839E+07
751.0           5.821E+07
752.0           5.833E+07
753.0           5.809E+07
754.0           5.847E+07
755.0           5.825E+07
756.0           5.790E+07
757.0           5.777E+07
758.0           5.768E+07
759.0           5.734E+07
760.0           5.742E+07
761.0           5.717E+07
762.0           5.671E+07
763.0           5.734E+07
764.0           5.714E+07
765.0           5.672E+07
766.0           5.505E+07
767.0           5.512E+07
768.0           5.612E+07
769.0           5.584E+07
770.0           5.558E+07
771.0           5.558E+07
772.0           5.543E+07
773.0           5.552E+07
774.0           5.542E+07
775.0           5.446E+07
776.0           5.528E+07
777.0           5.512E+07
778.0           5.463E+07
779.0           5.466E+07
780.0           5.449E+07
781.0           5.455E+07
782.0           5.461E+07
783.0           5.406E+07
784.0           5.403E+07
785.0           5.417E+07
786.0           5.395E+07
787.0           5.414E+07
788.0           5.399E+07
789.0           5.408E+07
790.0           5.382E+07
791.0           5.333E+07
792.0           5.280E+07
793.0           5.243E+07
794.0           5.183E+07
795.0           5.210E+07
796.0           5.274E+07
797.0           5.291E+07
798.0           5.280E+07
799.0           5.247E+07
800.0           5.194E+07
801.0           5.244E+07
802.0           5.231E+07
803.0           5.185E+07
804.0           5.177E+07
805.0           5.112E+07
806.0           5.173E+07
807.0           5.155E+07
808.0           5.123E+07
809.0           5.078E+07
810.0           5.086E+07
811.0           5.107E+07
812.0           5.107E+07
813.0           5.107E+07
814.0           5.089E+07
815.0           5.069E+07
816.0           5.057E+07
817.0           5.040E+07
818.0           4.982E+07
819.0           4.929E+07
820.0           4.913E+07
821.0           4.923E+07
822.0           4.902E+07
823.0           4.946E+07
824.0           4.952E+07
825.0           4.936E+07
826.0           4.946E+07
827.0           4.967E+07
828.0           4.946E+07
829.0           4.899E+07
830.0           4.892E+07
831.0           4.857E+07
832.0           4.854E+07
833.0           4.752E+07
834.0           4.779E+07
835.0           4.817E+07
836.0           4.845E+07
837.0           4.825E+07
838.0           4.799E+07
839.0           4.745E+07
840.0           4.801E+07
841.0           4.803E+07
842.0           4.733E+07
843.0           4.713E+07
844.0           4.690E+07
845.0           4.743E+07
846.0           4.745E+07
847.0           4.671E+07
848.0           4.652E+07
849.0           4.521E+07
850.0           4.338E+07
851.0           4.578E+07
852.0           4.534E+07
853.0           4.454E+07
854.0           3.872E+07
855.0           4.028E+07
856.0           4.516E+07
857.0           4.587E+07
858.0           4.583E+07
859.0           4.568E+07
860.0           4.551E+07
861.0           4.556E+07
862.0           4.572E+07
863.0           4.557E+07
864.0           4.521E+07
865.0           4.461E+07
866.0           4.104E+07
867.0           4.186E+07
868.0           4.387E+07
869.0           4.429E+07
870.0           4.477E+07
871.0           4.471E+07
872.0           4.438E+07
873.0           4.465E+07
874.0           4.418E+07
875.0           4.342E+07
876.0           4.366E+07
877.0           4.399E+07
878.0           4.459E+07
879.0           4.395E+07
880.0           4.356E+07
881.0           4.263E+07
882.0           4.346E+07
883.0           4.354E+07
884.0           4.345E+07
885.0           4.360E+07
886.0           4.224E+07
887.0           4.227E+07
888.0           4.307E+07
889.0           4.311E+07
890.0           4.317E+07
891.0           4.313E+07
892.0           4.268E+07
893.0           4.202E+07
894.0           4.244E+07
895.0           4.194E+07
896.0           4.272E+07
897.0           4.206E+07
898.0           4.215E+07
899.0           4.196E+07
900.0           4.115E+07
901.0           4.063E+07
902.0           4.035E+07
903.0           4.147E+07
904.0           4.181E+07
905.0           4.147E+07
906.0           4.079E+07
907.0           4.089E+07
908.0           4.043E+07
909.0           3.996E+07
910.0           4.033E+07
911.0           4.038E+07
912.0           4.027E+07
913.0           4.080E+07
914.0           4.053E+07
915.0           4.021E+07
916.0           4.030E+07
917.0           4.007E+07
918.0           4.007E+07
919.0           4.006E+07
920.0           3.975E+07
921.0           3.894E+07
922.0           3.873E+07
923.0           3.827E+07
924.0           3.879E+07
925.0           3.879E+07
926.0           3.851E+07
927.0           3.930E+07
928.0           3.951E+07
929.0           3.902E+07
930.0           3.908E+07
931.0           3.911E+07
932.0           3.888E+07
933.0           3.908E+07
934.0           3.905E+07
935.0           3.858E+07
936.0           3.831E+07
937.0           3.860E+07
938.0           3.843E+07
939.0           3.819E+07
940.0           3.785E+07
941.0           3.716E+07
942.0           3.715E+07
943.0           3.760E+07
944.0           3.742E+07
945.0           3.759E+07
946.0           3.773E+07
947.0           3.761E+07
948.0           3.766E+07
949.0           3.768E+07
950.0           3.753E+07
951.0           3.741E+07
952.0           3.733E+07
953.0           3.706E+07
954.0           3.631E+07
955.0           3.576E+07
956.0           3.675E+07
957.0           3.668E+07
958.0           3.685E+07
959.0           3.691E+07
960.0           3.651E+07
961.0           3.646E+07
962.0           3.635E+07
963.0           3.621E+07
964.0           3.616E+07
965.0           3.607E+07
966.0           3.584E+07
967.0           3.607E+07
968.0           3.598E+07
969.0           3.596E+07
970.0           3.590E+07
971.0           3.574E+07
972.0           3.584E+07
973.0           3.569E+07
974.0           3.535E+07
975.0           3.544E+07
976.0           3.542E+07
977.0           3.526E+07
978.0           3.531E+07
979.0           3.503E+07
980.0           3.510E+07
981.0           3.523E+07
982.0           3.513E+07
983.0           3.503E+07
984.0           3.483E+07
985.0           3.494E+07
986.0           3.472E+07
987.0           3.459E+07
988.0           3.463E+07
989.0           3.424E+07
990.0           3.436E+07
991.0           3.438E+07
992.0           3.433E+07
993.0           3.427E+07
994.0           3.424E+07
995.0           3.410E+07
996.0           3.407E+07
997.0           3.410E+07
998.0           3.401E+07
999.0           3.381E+07
1000.0          3.376E+07
1001.0          3.390E+07
1002.0          3.374E+07
1003.0          3.338E+07
1004.0          3.305E+07
1005.0          3.164E+07
1006.0          3.259E+07
1007.0          3.314E+07
1008.0          3.323E+07
1009.0          3.316E+07
1010.0          3.318E+07
1011.0          3.306E+07
1012.0          3.300E+07
1013.0          3.297E+07
1014.0          3.286E+07
1015.0          3.264E+07
1016.0          3.260E+07
1017.0          3.253E+07
1018.0          3.249E+07
1019.0          3.219E+07
1020.0          3.227E+07
1021.0          3.225E+07
1022.0          3.210E+07
1023.0          3.229E+07
1024.0          3.226E+07
1025.0          3.221E+07
1026.0          3.216E+07
1027.0          3.208E+07
1028.0          3.206E+07
1029.0          3.182E+07
1030.0          3.180E+07
1031.0          3.175E+07
1032.0          3.168E+07
1033.0          3.135E+07
1034.0          3.129E+07
1035.0          3.126E+07
1036.0          3.141E+07
1037.0          3.111E+07
1038.0          3.101E+07
1039.0          3.116E+07
1040.0          3.097E+07
1041.0          3.108E+07
1042.0          3.095E+07
1043.0          3.082E+07
1044.0          3.089E+07
1045.0          3.068E+07
1046.0          3.023E+07
1047.0          3.045E+07
1048.0          3.062E+07
1049.0          3.058E+07
1050.0          3.044E+07
1051.0          3.043E+07
1052.0          3.030E+07
1053.0          3.017E+07
1054.0          3.012E+07
1055.0          3.018E+07
1056.0          3.013E+07
1057.0          3.008E+07
1058.0          2.974E+07
1059.0          2.945E+07
1060.0          2.965E+07
1061.0          2.948E+07
1062.0          2.970E+07
1063.0          2.949E+07
1064.0          2.971E+07
1065.0          2.965E+07
1066.0          2.921E+07
1067.0          2.923E+07
1068.0          2.902E+07
1069.0          2.818E+07
1070.0          2.872E+07
1071.0          2.902E+07
1072.0          2.902E+07
1073.0          2.858E+07
1074.0          2.893E+07
1075.0          2.854E+07
1076.0          2.877E+07
1077.0          2.885E+07
1078.0          2.858E+07
1079.0          2.834E+07
1080.0          2.869E+07
1081.0          2.813E+07
1082.0          2.783E+07
1083.0          2.785E+07
1084.0          2.826E+07
1085.0          2.832E+07
1086.0          2.826E+07
1087.0          2.754E+07
1088.0          2.787E+07
1089.0          2.780E+07
1090.0          2.795E+07
1091.0          2.802E+07
1092.0          2.768E+07
1093.0          2.728E+07
1094.0          2.603E+07
1095.0          2.696E+07
1096.0          2.700E+07
1097.0          2.707E+07
1098.0          2.671E+07
1099.0          2.728E+07
1100.0          2.734E+07
1101.0          2.718E+07
1102.0          2.674E+07
1103.0          2.717E+07
1104.0          2.715E+07
1105.0          2.705E+07
1106.0          2.704E+07
1107.0          2.701E+07
1108.0          2.695E+07
1109.0          2.696E+07
1110.0          2.689E+07
1111.0          2.676E+07
1112.0          2.668E+07
1113.0          2.662E+07
1114.0          2.671E+07
1115.0          2.656E+07
1116.0          2.656E+07
1117.0          2.661E+07
1118.0          2.647E+07
1119.0          2.628E+07
1120.0          2.625E+07
1121.0          2.622E+07
1122.0          2.627E+07
1123.0          2.624E+07
1124.0          2.615E+07
1125.0          2.561E+07
1126.0          2.570E+07
1127.0          2.590E+07
1128.0          2.591E+07
1129.0          2.571E+07
1130.0          2.561E+07
1131.0          2.572E+07
1132.0          2.568E+07
1133.0          2.544E+07
1134.0          2.557E+07
1135.0          2.564E+07
1136.0          2.557E+07
1137.0          2.543E+07
1138.0          2.516E+07
1139.0          2.510E+07
1140.0          2.499E+07
1141.0          2.484E+07
1142.0          2.511E+07
1143.0          2.507E+07
1144.0          2.493E+07
1145.0          2.510E+07
1146.0          2.510E+07
1147.0          2.508E+07
1148.0          2.496E+07
1149.0          2.489E+07
1150.0          2.488E+07
1151.0          2.485E+07
1152.0          2.475E+07
1153.0          2.470E+07
1154.0          2.474E+07
1155.0          2.468E+07
1156.0          2.460E+07
1157.0          2.459E+07
1158.0          2.452E+07
1159.0          2.417E+07
1160.0          2.411E+07
1161.0          2.379E+07
1162.0          2.414E+07
1163.0          2.429E+07
1164.0          2.391E+07
1165.0          2.407E+07
1166.0          2.392E+07
1167.0          2.395E+07
1168.0          2.407E+07
1169.0          2.370E+07
1170.0          2.387E+07
1171.0          2.400E+07
1172.0          2.395E+07
1173.0          2.387E+07
1174.0          2.376E+07
1175.0          2.342E+07
1176.0          2.351E+07
1177.0          2.360E+07
1178.0          2.339E+07
1179.0          2.353E+07
1180.0          2.359E+07
1181.0          2.346E+07
1182.0          2.333E+07
1183.0          2.274E+07
1184.0          2.315E+07
1185.0          2.332E+07
1186.0          2.324E+07
1187.0          2.333E+07
1188.0          2.287E+07
1189.0          2.261E+07
1190.0          2.295E+07
1191.0          2.314E+07
1192.0          2.306E+07
1193.0          2.301E+07
1194.0          2.300E+07
1195.0          2.279E+07
1196.0          2.273E+07
1197.0          2.253E+07
1198.0          2.211E+07
1199.0          2.187E+07
1200.0          2.252E+07
1201.0          2.271E+07
1202.0          2.261E+07
1203.0          2.207E+07
1204.0          2.203E+07
1205.0          2.245E+07
1206.0          2.244E+07
1207.0          2.248E+07
1208.0          2.194E+07
1209.0          2.159E+07
1210.0          2.206E+07
1211.0          2.194E+07
1212.0          2.218E+07
1213.0          2.219E+07
1214.0          2.215E+07
1215.0          2.219E+07
1216.0          2.215E+07
1217.0          2.209E+07
1218.0          2.204E+07
1219.0          2.194E+07
1220.0          2.196E+07
1221.0          2.192E+07
1222.0          2.183E+07
1223.0          2.178E+07
1224.0          2.177E+07
1225.0          2.172E+07
1226.0          2.172E+07
1227.0          2.145E+07
1228.0          2.156E+07
1229.0          2.165E+07
1230.0          2.151E+07
1231.0          2.148E+07
1232.0          2.138E+07
1233.0          2.144E+07
1234.0          2.139E+07
1235.0          2.128E+07
1236.0          2.129E+07
1237.0          2.134E+07
1238.0          2.133E+07
1239.0          2.113E+07
1240.0          2.105E+07
1241.0          2.115E+07
1242.0          2.107E+07
1243.0          2.088E+07
1244.0          2.095E+07
1245.0          2.107E+07
1246.0          2.087E+07
1247.0          2.086E+07
1248.0          2.087E+07
1249.0          2.086E+07
1250.0          2.083E+07
1251.0          2.070E+07
1252.0          2.058E+07
1253.0          2.056E+07
1254.0          2.058E+07
1255.0          2.054E+07
1256.0          2.054E+07
1257.0          2.042E+07
1258.0          2.042E+07
1259.0          2.040E+07
1260.0          2.043E+07
1261.0          2.036E+07
1262.0          2.023E+07
1263.0          2.038E+07
1264.0          2.018E+07
1265.0          2.016E+07
1266.0          2.021E+07
1267.0          2.002E+07
1268.0          1.993E+07
1269.0          1.998E+07
1270.0          2.002E+07
1271.0          2.004E+07
1272.0          2.002E+07
1273.0          1.994E+07
1274.0          1.989E+07
1275.0          1.990E+07
1276.0          1.991E+07
1277.0          1.987E+07
1278.0          1.977E+07
1279.0          1.968E+07
1280.0          1.952E+07
1281.0          1.886E+07
1282.0          1.775E+07
1283.0          1.862E+07
1284.0          1.934E+07
1285.0          1.945E+07
1286.0          1.948E+07
1287.0          1.953E+07
1288.0          1.941E+07
1289.0          1.950E+07
1290.0          1.931E+07
1291.0          1.934E+07
1292.0          1.933E+07
1293.0          1.935E+07
1294.0          1.926E+07
1295.0          1.926E+07
1296.0          1.924E+07
1297.0          1.918E+07
1298.0          1.907E+07
1299.0          1.916E+07
1300.0          1.910E+07
1301.0          1.904E+07
1302.0          1.894E+07
1303.0          1.888E+07
1304.0          1.886E+07
1305.0          1.891E+07
1306.0          1.896E+07
1307.0          1.883E+07
1308.0          1.879E+07
1309.0          1.882E+07
1310.0          1.875E+07
1311.0          1.870E+07
1312.0          1.840E+07
1313.0          1.827E+07
1314.0          1.865E+07
1315.0          1.816E+07
1316.0          1.814E+07
1317.0          1.848E+07
1318.0          1.838E+07
1319.0          1.847E+07
1320.0          1.841E+07
1321.0          1.832E+07
1322.0          1.830E+07
1323.0          1.828E+07
1324.0          1.831E+07
1325.0          1.823E+07
1326.0          1.819E+07
1327.0          1.809E+07
1328.0          1.810E+07
1329.0          1.777E+07
1330.0          1.790E+07
1331.0          1.800E+07
1332.0          1.775E+07
1333.0          1.792E+07
1334.0          1.799E+07
1335.0          1.791E+07
1336.0          1.786E+07
1337.0          1.784E+07
1338.0          1.773E+07
1339.0          1.754E+07
1340.0          1.751E+07
1341.0          1.767E+07
1342.0          1.765E+07
1343.0          1.764E+07
1344.0          1.764E+07
1345.0          1.759E+07
1346.0          1.750E+07
1347.0          1.751E+07
1348.0          1.751E+07
1349.0          1.743E+07
1350.0          1.724E+07
1351.0          1.732E+07
1352.0          1.740E+07
1353.0          1.736E+07
1354.0          1.731E+07
1355.0          1.705E+07
1356.0          1.702E+07
1357.0          1.693E+07
1358.0          1.716E+07
1359.0          1.713E+07
1360.0          1.690E+07
1361.0          1.709E+07
1362.0          1.710E+07
1363.0          1.682E+07
1364.0          1.696E+07
1365.0          1.697E+07
1366.0          1.696E+07
1367.0          1.681E+07
1368.0          1.679E+07
1369.0          1.661E+07
1370.0          1.659E+07
1371.0          1.661E+07
1372.0          1.677E+07
1373.0          1.678E+07
1374.0          1.673E+07
1375.0          1.651E+07
1376.0          1.638E+07
1377.0          1.654E+07
1378.0          1.659E+07
1379.0          1.668E+07
1380.0          1.657E+07
1381.0          1.655E+07
1382.0          1.638E+07
1383.0          1.645E+07
1384.0          1.647E+07
1385.0          1.640E+07
1386.0          1.642E+07
1387.0          1.636E+07
1388.0          1.638E+07
1389.0          1.634E+07
1390.0          1.618E+07
1391.0          1.629E+07
1392.0          1.633E+07
1393.0          1.625E+07
1394.0          1.615E+07
1395.0          1.612E+07
1396.0          1.616E+07
1397.0          1.617E+07
1398.0          1.615E+07
1399.0          1.605E+07
1400.0          1.578E+07
1401.0          1.582E+07
1402.0          1.594E+07
1403.0          1.587E+07
1404.0          1.586E+07
1405.0          1.583E+07
1406.0          1.584E+07
1407.0          1.581E+07
1408.0          1.583E+07
1409.0          1.584E+07
1410.0          1.580E+07
1411.0          1.557E+07
1412.0          1.531E+07
1413.0          1.548E+07
1414.0          1.562E+07
1415.0          1.564E+07
1416.0          1.561E+07
1417.0          1.561E+07
1418.0          1.561E+07
1419.0          1.549E+07
1420.0          1.544E+07
1421.0          1.542E+07
1422.0          1.519E+07
1423.0          1.524E+07
1424.0          1.525E+07
1425.0          1.528E+07
1426.0          1.499E+07
1427.0          1.507E+07
1428.0          1.520E+07
1429.0          1.492E+07
1430.0          1.493E+07
1431.0          1.510E+07
1432.0          1.523E+07
1433.0          1.522E+07
1434.0          1.508E+07
1435.0          1.515E+07
1436.0          1.513E+07
1437.0          1.510E+07
1438.0          1.513E+07
1439.0          1.507E+07
1440.0          1.454E+07
1441.0          1.456E+07
1442.0          1.469E+07
1443.0          1.466E+07
1444.0          1.474E+07
1445.0          1.478E+07
1446.0          1.484E+07
1447.0          1.476E+07
1448.0          1.483E+07
1449.0          1.481E+07
1450.0          1.468E+07
1451.0          1.446E+07
1452.0          1.455E+07
1453.0          1.462E+07
1454.0          1.445E+07
1455.0          1.440E+07
1456.0          1.439E+07
1457.0          1.451E+07
1458.0          1.461E+07
1459.0          1.457E+07
1460.0          1.453E+07
1461.0          1.449E+07
1462.0          1.437E+07
1463.0          1.432E+07
1464.0          1.431E+07
1465.0          1.437E+07
1466.0          1.427E+07
1467.0          1.439E+07
1468.0          1.427E+07
1469.0          1.431E+07
1470.0          1.426E+07
1471.0          1.412E+07
1472.0          1.413E+07
1473.0          1.400E+07
1474.0          1.380E+07
1475.0          1.394E+07
1476.0          1.402E+07
1477.0          1.396E+07
1478.0          1.397E+07
1479.0          1.405E+07
1480.0          1.407E+07
1481.0          1.395E+07
1482.0          1.401E+07
1483.0          1.388E+07
1484.0          1.393E+07
1485.0          1.401E+07
1486.0          1.397E+07
1487.0          1.361E+07
1488.0          1.290E+07
1489.0          1.355E+07
1490.0          1.392E+07
1491.0          1.384E+07
1492.0          1.385E+07
1493.0          1.386E+07
1494.0          1.384E+07
1495.0          1.376E+07
1496.0          1.353E+07
1497.0          1.370E+07
1498.0          1.372E+07
1499.0          1.373E+07
1500.0          1.374E+07
1501.0          1.369E+07
1502.0          1.339E+07
1503.0          1.282E+07
1504.0          1.285E+07
1505.0          1.263E+07
1506.0          1.303E+07
1507.0          1.342E+07
1508.0          1.335E+07
1509.0          1.333E+07
1510.0          1.351E+07
1511.0          1.350E+07
1512.0          1.337E+07
1513.0          1.320E+07
1514.0          1.318E+07
1515.0          1.327E+07
1516.0          1.324E+07
1517.0          1.320E+07
1518.0          1.329E+07
1519.0          1.320E+07
1520.0          1.323E+07
1521.0          1.296E+07
1522.0          1.288E+07
1523.0          1.304E+07
1524.0          1.305E+07
1525.0          1.291E+07
1526.0          1.314E+07
1527.0          1.309E+07
1528.0          1.308E+07
1529.0          1.295E+07
1530.0          1.254E+07
1531.0          1.291E+07
1532.0          1.299E+07
1533.0          1.289E+07
1534.0          1.268E+07
1535.0          1.279E+07
1536.0          1.291E+07
1537.0          1.286E+07
1538.0          1.268E+07
1539.0          1.268E+07
1540.0          1.244E+07
1541.0          1.251E+07
1542.0          1.263E+07
1543.0          1.269E+07
1544.0          1.272E+07
1545.0          1.272E+07
1546.0          1.272E+07
1547.0          1.258E+07
1548.0          1.232E+07
1549.0          1.245E+07
1550.0          1.238E+07
1551.0          1.244E+07
1552.0          1.252E+07
1553.0          1.240E+07
1554.0          1.219E+07
1555.0          1.222E+07
1556.0          1.219E+07
1557.0          1.231E+07
1558.0          1.232E+07
1559.0          1.224E+07
1560.0          1.221E+07
1561.0          1.234E+07
1562.0          1.226E+07
1563.0          1.222E+07
1564.0          1.213E+07
1565.0          1.218E+07
1566.0          1.210E+07
1567.0          1.206E+07
1568.0          1.201E+07
1569.0          1.200E+07
1570.0          1.198E+07
1571.0          1.212E+07
1572.0          1.212E+07
1573.0          1.199E+07
1574.0          1.191E+07
1575.0          1.154E+07
1576.0          1.158E+07
1577.0          1.124E+07
1578.0          1.166E+07
1579.0          1.188E+07
1580.0          1.197E+07
1581.0          1.187E+07
1582.0          1.168E+07
1583.0          1.171E+07
1584.0          1.174E+07
1585.0          1.179E+07
1586.0          1.175E+07
1587.0          1.161E+07
1588.0          1.128E+07
1589.0          1.089E+07
1590.0          1.095E+07
1591.0          1.110E+07
1592.0          1.153E+07
1593.0          1.167E+07
1594.0          1.171E+07
1595.0          1.163E+07
1596.0          1.139E+07
1597.0          1.147E+07
1598.0          1.162E+07
1599.0          1.147E+07
1600.0          1.147E+07
1601.0          1.135E+07
1602.0          1.135E+07
1603.0          1.140E+07
1604.0          1.139E+07
1605.0          1.134E+07
1606.0          1.133E+07
1607.0          1.130E+07
1608.0          1.137E+07
1609.0          1.121E+07
1610.0          1.088E+07
1611.0          1.097E+07
1612.0          1.111E+07
1613.0          1.117E+07
1614.0          1.118E+07
1615.0          1.103E+07
1616.0          1.078E+07
1617.0          1.094E+07
1618.0          1.111E+07
1619.0          1.109E+07
1620.0          1.082E+07
1621.0          1.080E+07
1622.0          1.094E+07
1623.0          1.107E+07
1624.0          1.113E+07
1625.0          1.100E+07
1626.0          1.101E+07
1627.0          1.107E+07
1628.0          1.110E+07
1629.0          1.107E+07
1630.0          1.091E+07
1631.0          1.095E+07
1632.0          1.090E+07
1633.0          1.081E+07
1634.0          1.074E+07
1635.0          1.085E+07
1636.0          1.075E+07
1637.0          1.057E+07
1638.0          1.037E+07
1639.0          1.023E+07
1640.0          1.035E+07
1641.0          1.030E+07
1642.0          1.033E+07
1643.0          1.043E+07
1644.0          1.039E+07
1645.0          1.042E+07
1646.0          1.049E+07
1647.0          1.053E+07
1648.0          1.049E+07
1649.0          1.042E+07
1650.0          1.047E+07
1651.0          1.037E+07
1652.0          1.041E+07
1653.0          1.040E+07
1654.0          1.043E+07
1655.0          1.038E+07
1656.0          1.044E+07
1657.0          1.043E+07
1658.0          1.041E+07
1659.0          1.036E+07
1660.0          1.031E+07
1661.0          1.035E+07
1662.0          1.032E+07
1663.0          1.025E+07
1664.0          1.022E+07
1665.0          1.017E+07
1666.0          1.012E+07
1667.0          1.019E+07
1668.0          9.991E+06
1669.0          1.010E+07
1670.0          1.022E+07
1671.0          1.010E+07
1672.0          9.866E+06
1673.0          9.928E+06
1674.0          1.005E+07
1675.0          9.873E+06
1676.0          9.820E+06
1677.0          9.883E+06
1678.0          9.860E+06
1679.0          9.709E+06
1680.0          9.455E+06
1681.0          9.177E+06
1682.0          9.344E+06
1683.0          9.572E+06
1684.0          9.728E+06
1685.0          9.758E+06
1686.0          9.663E+06
1687.0          9.656E+06
1688.0          9.650E+06
1689.0          9.626E+06
1690.0          9.585E+06
1691.0          9.684E+06
1692.0          9.722E+06
1693.0          9.688E+06
1694.0          9.663E+06
1695.0          9.649E+06
1696.0          9.625E+06
1697.0          9.601E+06
1698.0          9.588E+06
1699.0          9.545E+06
1700.0          9.469E+06
1701.0          9.452E+06
1702.0          9.353E+06
1703.0          9.345E+06
1704.0          9.436E+06
1705.0          9.446E+06
1710.0          9.159E+06
1715.0          9.246E+06
1720.0          9.118E+06
1725.0          8.962E+06
1730.0          8.923E+06
1735.0          8.474E+06
1740.0          8.547E+06
1745.0          8.624E+06
1750.0          8.549E+06
1755.0          8.550E+06
1760.0          8.430E+06
1765.0          8.360E+06
1770.0          8.266E+06
1775.0          8.187E+06
1780.0          8.092E+06
1785.0          8.007E+06
1790.0          7.969E+06
1795.0          7.882E+06
1800.0          7.813E+06
1805.0          7.710E+06
1810.0          7.684E+06
1815.0          7.379E+06
1820.0          7.153E+06
1825.0          7.403E+06
1830.0          7.381E+06
1835.0          7.284E+06
1840.0          7.181E+06
1845.0          7.050E+06
1850.0          7.058E+06
1855.0          6.994E+06
1860.0          6.882E+06
1865.0          6.823E+06
1870.0          6.763E+06
1875.0          6.261E+06
1880.0          6.596E+06
1885.0          6.614E+06
1890.0          6.517E+06
1895.0          6.303E+06
1900.0          6.385E+06
1905.0          6.375E+06
1910.0          6.293E+06
1915.0          6.246E+06
1920.0          6.193E+06
1925.0          6.171E+06
1930.0          6.015E+06
1935.0          6.035E+06
1940.0          5.918E+06
1945.0          5.552E+06
1950.0          5.701E+06
1955.0          5.842E+06
1960.0          5.786E+06
1965.0          5.645E+06
1970.0          5.643E+06
1975.0          5.556E+06
1980.0          5.459E+06
1985.0          5.451E+06
1990.0          5.503E+06
1995.0          5.328E+06
2000.0          5.320E+06
2005.0          5.256E+06
2010.0          5.300E+06
2015.0          5.274E+06
2020.0          5.115E+06
2025.0          5.112E+06
2030.0          5.005E+06
2035.0          4.987E+06
2040.0          4.945E+06
2045.0          4.974E+06
2050.0          4.887E+06
2055.0          4.812E+06
2060.0          4.740E+06
2065.0          4.710E+06
2070.0          4.659E+06
2075.0          4.683E+06
2080.0          4.583E+06
2085.0          4.544E+06
2090.0          4.531E+06
2095.0          4.449E+06
2100.0          4.440E+06
2105.0          4.461E+06
2110.0          4.389E+06
2115.0          4.354E+06
2120.0          4.279E+06
2125.0          4.258E+06
2130.0          4.280E+06
2135.0          4.211E+06
2140.0          4.225E+06
2145.0          4.170E+06
2150.0          4.145E+06
2155.0          4.120E+06
2160.0          4.040E+06
2165.0          3.791E+06
2170.0          3.881E+06
2175.0          3.936E+06
2180.0          3.878E+06
2185.0          3.887E+06
2190.0          3.814E+06
2195.0          3.837E+06
2200.0          3.785E+06
2205.0          3.717E+06
2210.0          3.693E+06
2215.0          3.678E+06
2220.0          3.661E+06
2225.0          3.623E+06
2230.0          3.587E+06
2235.0          3.579E+06
2240.0          3.509E+06
2245.0          3.495E+06
2250.0          3.460E+06
2255.0          3.416E+06
2260.0          3.403E+06
2265.0          3.367E+06
2270.0          3.357E+06
2275.0          3.332E+06
2280.0          3.284E+06
2285.0          3.261E+06
2290.0          3.253E+06
2295.0          3.175E+06
2300.0          3.179E+06
2305.0          3.172E+06
2310.0          3.149E+06
2315.0          3.116E+06
2320.0          3.083E+06
2325.0          3.044E+06
2330.0          3.029E+06
2335.0          2.995E+06
2340.0          2.981E+06
2345.0          2.973E+06
2350.0          2.932E+06
2355.0          2.892E+06
2360.0          2.889E+06
2365.0          2.885E+06
2370.0          2.855E+06
2375.0          2.820E+06
2380.0          2.829E+06
2385.0          2.742E+06
2390.0          2.772E+06
2395.0          2.743E+06
2400.0          2.725E+06
2405.0          2.712E+06
2410.0          2.694E+06
2415.0          2.590E+06
2420.0          2.625E+06
2425.0          2.613E+06
2430.0          2.608E+06
2435.0          2.572E+06
2440.0          2.565E+06
2445.0          2.531E+06
2450.0          2.488E+06
2455.0          2.465E+06
2460.0          2.473E+06
2465.0          2.474E+06
2470.0          2.432E+06
2475.0          2.431E+06
2480.0          2.369E+06
2485.0          2.359E+06
2490.0          2.374E+06
2495.0          2.360E+06
2500.0          2.364E+06
2505.0          2.346E+06
2510.0          2.313E+06
2515.0          2.300E+06
2520.0          2.288E+06
2525.0          2.275E+06
2530.0          2.259E+06
2535.0          2.230E+06
2540.0          2.203E+06
2545.0          2.194E+06
2550.0          2.181E+06
2555.0          2.163E+06
2560.0          2.136E+06
2565.0          2.133E+06
2570.0          2.110E+06
2575.0          2.106E+06
2580.0          2.084E+06
2585.0          2.036E+06
2590.0          2.058E+06
2595.0          2.035E+06
2600.0          2.027E+06
2605.0          2.027E+06
2610.0          2.015E+06
2615.0          1.995E+06
2620.0          1.960E+06
2625.0          1.855E+06
2630.0          1.910E+06
2635.0          1.923E+06
2640.0          1.892E+06
2645.0          1.911E+06
2650.0          1.902E+06
2655.0          1.877E+06
2660.0          1.873E+06
2665.0          1.830E+06
2670.0          1.841E+06
2675.0          1.825E+06
2680.0          1.810E+06
2685.0          1.803E+06
2690.0          1.791E+06
2695.0          1.782E+06
2700.0          1.775E+06
2705.0          1.761E+06
2710.0          1.754E+06
2715.0          1.738E+06
2720.0          1.725E+06
2725.0          1.718E+06
2730.0          1.701E+06
2735.0          1.692E+06
2740.0          1.683E+06
2745.0          1.670E+06
2750.0          1.656E+06
2755.0          1.635E+06
2760.0          1.615E+06
2765.0          1.622E+06
2770.0          1.611E+06
2775.0          1.603E+06
2780.0          1.596E+06
2785.0          1.585E+06
2790.0          1.574E+06
2795.0          1.564E+06
2800.0          1.551E+06
2805.0          1.545E+06
2810.0          1.532E+06
2815.0          1.522E+06
2820.0          1.512E+06
2825.0          1.507E+06
2830.0          1.492E+06
2835.0          1.483E+06
2840.0          1.474E+06
2845.0          1.466E+06
2850.0          1.456E+06
2855.0          1.442E+06
2860.0          1.433E+06
2865.0          1.422E+06
2870.0          1.400E+06
2875.0          1.389E+06
2880.0          1.392E+06
2885.0          1.386E+06
2890.0          1.381E+06
2895.0          1.369E+06
2900.0          1.359E+06
2905.0          1.350E+06
2910.0          1.343E+06
2915.0          1.333E+06
2920.0          1.324E+06
2925.0          1.317E+06
2930.0          1.305E+06
2935.0          1.300E+06
2940.0          1.291E+06
2945.0          1.280E+06
2950.0          1.273E+06
2955.0          1.267E+06
2960.0          1.259E+06
2965.0          1.252E+06
2970.0          1.244E+06
2975.0          1.237E+06
2980.0          1.227E+06
2985.0          1.220E+06
2990.0          1.212E+06
2995.0          1.208E+06
3000.0          1.199E+06
3005.0          1.196E+06
3010.0          1.189E+06
3015.0          1.179E+06
3020.0          1.172E+06
3025.0          1.165E+06
3030.0          1.156E+06
3035.0          1.139E+06
3040.0          1.119E+06
3045.0          1.129E+06
3050.0          1.127E+06
3055.0          1.120E+06
3060.0          1.116E+06
3065.0          1.106E+06
3070.0          1.101E+06
3075.0          1.097E+06
3080.0          1.088E+06
3085.0          1.080E+06
3090.0          1.075E+06
3095.0          1.068E+06
3100.0          1.061E+06
3105.0          1.055E+06
3110.0          1.048E+06
3115.0          1.030E+06
3120.0          1.034E+06
3125.0          1.029E+06
3130.0          1.023E+06
3135.0          1.019E+06
3140.0          1.013E+06
3145.0          1.005E+06
3150.0          9.945E+05
3155.0          9.919E+05
3160.0          9.870E+05
3165.0          9.809E+05
3170.0          9.731E+05
3175.0          9.715E+05
3180.0          9.632E+05
3185.0          9.581E+05
3190.0          9.535E+05
3195.0          9.487E+05
3200.0          9.398E+05
3205.0          9.368E+05
3210.0          9.308E+05
3215.0          9.239E+05
3220.0          9.207E+05
3225.0          9.147E+05
3230.0          9.097E+05
3235.0          9.033E+05
3240.0          8.970E+05
3245.0          8.913E+05
3250.0          8.895E+05
3255.0          8.830E+05
3260.0          8.775E+05
3265.0          8.708E+05
3270.0          8.665E+05
3275.0          8.619E+05
3280.0          8.555E+05
3285.0          8.484E+05
3290.0          8.428E+05
3295.0          8.247E+05
3300.0          8.236E+05
3305.0          8.280E+05
3310.0          8.256E+05
3315.0          8.201E+05
3320.0          8.047E+05
3325.0          8.114E+05
3330.0          8.077E+05
3335.0          8.028E+05
3340.0          7.985E+05
3345.0          7.960E+05
3350.0          7.902E+05
3355.0          7.861E+05
3360.0          7.829E+05
3365.0          7.760E+05
3370.0          7.693E+05
3375.0          7.677E+05
3380.0          7.636E+05
3385.0          7.599E+05
3390.0          7.559E+05
3395.0          7.470E+05
3400.0          7.370E+05
3405.0          7.408E+05
3410.0          7.374E+05
3415.0          7.305E+05
3420.0          7.288E+05
3425.0          7.254E+05
3430.0          7.213E+05
3435.0          7.186E+05
3440.0          7.146E+05
3445.0          7.117E+05
3450.0          7.080E+05
3455.0          7.034E+05
3460.0          7.002E+05
3465.0          6.960E+05
3470.0          6.910E+05
3475.0          6.871E+05
3480.0          6.846E+05
3485.0          6.809E+05
3490.0          6.768E+05
3495.0          6.726E+05
3500.0          6.699E+05
3505.0          6.666E+05
3510.0          6.630E+05
3515.0          6.589E+05
3520.0          6.552E+05
3525.0          6.515E+05
3530.0          6.483E+05
3535.0          6.432E+05
3540.0          6.400E+05
3545.0          6.386E+05
3550.0          6.352E+05
3555.0          6.290E+05
3560.0          6.253E+05
3565.0          6.244E+05
3570.0          6.198E+05
3575.0          6.172E+05
3580.0          6.129E+05
3585.0          6.101E+05
3590.0          6.081E+05
3595.0          6.037E+05
3600.0          6.005E+05
3605.0          5.987E+05
3610.0          5.947E+05
3615.0          5.927E+05
3620.0          5.899E+05
3625.0          5.853E+05
3630.0          5.830E+05
3635.0          5.798E+05
3640.0          5.761E+05
3645.0          5.712E+05
3650.0          5.683E+05
3655.0          5.635E+05
3660.0          5.624E+05
3665.0          5.594E+05
3670.0          5.571E+05
3675.0          5.534E+05
3680.0          5.463E+05
3685.0          5.458E+05
3690.0          5.446E+05
3695.0          5.380E+05
3700.0          5.299E+05
3705.0          5.325E+05
3710.0          5.297E+05
3715.0          5.288E+05
3720.0          5.284E+05
3725.0          5.256E+05
3730.0          5.222E+05
3735.0          5.157E+05
3740.0          5.028E+05
3745.0          5.022E+05
3750.0          5.072E+05
3755.0          5.059E+05
3760.0          5.054E+05
3765.0          5.032E+05
3770.0          5.022E+05
3775.0          4.973E+05
3780.0          4.962E+05
3785.0          4.934E+05
3790.0          4.907E+05
3795.0          4.884E+05
3800.0          4.865E+05
3805.0          4.841E+05
3810.0          4.819E+05
3815.0          4.792E+05
3820.0          4.778E+05
3825.0          4.757E+05
3830.0          4.741E+05
3835.0          4.702E+05
3840.0          4.691E+05
3845.0          4.665E+05
3850.0          4.654E+05
3855.0          4.616E+05
3860.0          4.590E+05
3865.0          4.559E+05
3870.0          4.540E+05
3875.0          4.523E+05
3880.0          4.510E+05
3885.0          4.467E+05
3890.0          4.460E+05
3895.0          4.427E+05
3900.0          4.411E+05
3905.0          4.401E+05
3910.0          4.376E+05
3915.0          4.360E+05
3920.0          4.331E+05
3925.0          4.319E+05
3930.0          4.288E+05
3935.0          4.269E+05
3940.0          4.247E+05
3945.0          4.227E+05
3950.0          4.191E+05
3955.0          4.164E+05
3960.0          4.147E+05
3965.0          4.145E+05
3970.0          4.113E+05
3975.0          4.103E+05
3980.0          4.080E+05
3985.0          4.047E+05
3990.0          4.021E+05
3995.0          3.995E+05
4000.0          3.984E+05
4020.0          3.674E+05
4040.0          3.600E+05
4060.0          3.528E+05
4080.0          3.458E+05
4100.0          3.389E+05
4120.0          3.323E+05
4140.0          3.258E+05
4160.0          3.194E+05
4180.0          3.132E+05
4200.0          3.071E+05
4220.0          3.012E+05
4240.0          2.954E+05
4260.0          2.898E+05
4280.0          2.843E+05
4300.0          2.789E+05
4320.0          2.737E+05
4340.0          2.685E+05
4360.0          2.636E+05
4380.0          2.586E+05
4400.0          2.539E+05
4420.0          2.492E+05
4440.0          2.447E+05
4460.0          2.402E+05
4480.0          2.358E+05
4500.0          2.315E+05
4520.0          2.274E+05
4540.0          2.233E+05
4560.0          2.193E+05
4580.0          2.155E+05
4600.0          2.116E+05
4620.0          2.079E+05
4640.0          2.043E+05
4660.0          2.007E+05
4680.0          1.972E+05
4700.0          1.938E+05
4720.0          1.905E+05
4740.0          1.872E+05
4760.0          1.840E+05
4780.0          1.809E+05
4800.0          1.778E+05
4820.0          1.748E+05
4840.0          1.719E+05
4860.0          1.690E+05
4880.0          1.662E+05
4900.0          1.634E+05
4920.0          1.607E+05
4940.0          1.581E+05
4960.0          1.555E+05
4980.0          1.529E+05
5000.0          1.505E+05
5050.0          1.473E+05
5100.0          1.418E+05
5150.0          1.366E+05
5200.0          1.315E+05
5250.0          1.267E+05
5300.0          1.222E+05
5350.0          1.178E+05
5400.0          1.137E+05
5450.0          1.096E+05
5500.0          1.059E+05
5550.0          1.022E+05
5600.0          9.873E+04
5650.0          9.541E+04
5700.0          9.219E+04
5750.0          8.914E+04
5800.0          8.620E+04
5850.0          8.339E+04
5900.0          8.067E+04
5950.0          7.809E+04
6000.0          7.560E+04
6050.0          7.321E+04
6100.0          7.090E+04
6150.0          6.869E+04
6200.0          6.657E+04
6250.0          6.454E+04
6300.0          6.256E+04
6350.0          6.072E+04
6400.0          5.888E+04
6450.0          5.717E+04
6500.0          5.547E+04
6550.0          5.381E+04
6600.0          5.224E+04
6650.0          5.077E+04
6700.0          4.930E+04
6750.0          4.791E+04
6800.0          4.658E+04
6850.0          4.526E+04
6900.0          4.401E+04
6950.0          4.280E+04
7000.0          4.163E+04
7050.0          4.050E+04
7100.0          3.940E+04
7150.0          3.835E+04
7200.0          3.733E+04
7250.0          3.634E+04
7300.0          3.539E+04
7350.0          3.446E+04
7400.0          3.357E+04
7450.0          3.271E+04
7500.0          3.187E+04
7550.0          3.106E+04
7600.0          3.028E+04
7650.0          2.952E+04
7700.0          2.878E+04
7750.0          2.807E+04
7800.0          2.738E+04
7850.0          2.672E+04
7900.0          2.607E+04
7950.0          2.544E+04
8000.0          2.483E+04
8050.0          2.424E+04
8100.0          2.367E+04
8150.0          2.310E+04
8200.0          2.257E+04
8250.0          2.204E+04
8300.0          2.153E+04
8350.0          2.104E+04
8400.0          2.056E+04
8450.0          2.009E+04
8500.0          1.964E+04
8550.0          1.919E+04
8600.0          1.876E+04
8650.0          1.835E+04
8700.0          1.794E+04
8750.0          1.755E+04
8800.0          1.717E+04
8850.0          1.680E+04
8900.0          1.643E+04
8950.0          1.608E+04
9000.0          1.574E+04
9050.0          1.541E+04
9100.0          1.508E+04
9150.0          1.477E+04
9200.0          1.446E+04
9250.0          1.416E+04
9300.0          1.387E+04
9350.0          1.358E+04
9400.0          1.330E+04
9450.0          1.303E+04
9500.0          1.277E+04
9550.0          1.251E+04
9600.0          1.226E+04
9650.0          1.202E+04
9700.0          1.178E+04
9750.0          1.155E+04
9800.0          1.132E+04
9850.0          1.110E+04
9900.0          1.089E+04
9950.0          1.067E+04
10000.0         1.047E+04
11000.0         7.095E+03
12000.0         4.998E+03
13000.0         3.619E+03
14000.0         2.686E+03
15000.0         2.035E+03
16000.0         1.567E+03
17000.0         1.228E+03
18000.0         9.767E+02
19000.0         7.855E+02
20000.0         6.380E+02
25000.0         2.625E+02
30000.0         1.272E+02
35000.0         6.855E+01
40000.0         4.040E+01
50000.0         1.662E+01
60000.0         8.030E+00
80000.0         2.552E+00
100000.0        1.050E+00
120000.0        5.077E-01
150000.0        2.087E-01
200000.0        6.639E-02
250000.0        2.725E-02
300000.0        1.280E-02
400000.0        4.383E-03
1000000.0       1.467E-04