0.014333 0.077207 0.154315
0.985166 0.991560 0.964272
0.280858 0.563577 0.502257
0.121007 0.386048 0.552015
0.634306 0.821576 0.497633
0.888285 0.942453 0.767554
0.037818 0.228796 0.399469
0.202961 0.488356 0.544717
0.397414 0.666120 0.451033
0.165205 0.445296 0.559650
0.024149 0.152451 0.280151
0.333162 0.610867 0.475844
0.074303 0.312754 0.501291
0.949261 0.972150 0.883179
0.238308 0.523796 0.525365
0.788423 0.897155 0.630644
0.497863 0.740558 0.444384
0.184438 0.468058 0.553532
0.144399 0.418449 0.560388
0.714866 0.862554 0.557420
0.258688 0.543063 0.514180
0.922957 0.958895 0.829666
0.020068 0.114388 0.215576
0.053131 0.270823 0.455392
0.442163 0.701201 0.442760
0.305477 0.585981 0.489452
0.364934 0.638777 0.462014
0.029555 0.192576 0.345131
0.967711 0.981943 0.923855
0.556938 0.777882 0.459523
0.219189 0.505034 0.535970
0.841502 0.921182 0.696857
0.095807 0.348401 0.531024
0.044747 0.249737 0.428474
0.108499 0.367769 0.543240
0.155080 0.432508 0.560901
0.269528 0.553113 0.508326
0.022064 0.133145 0.247616
0.936947 0.965840 0.857425
0.906895 0.951162 0.799742
0.292824 0.574493 0.495966
0.318872 0.598073 0.482730
0.193753 0.478432 0.549349
0.866632 0.932537 0.733170
0.228648 0.514408 0.530739
0.026541 0.172305 0.312806
0.674828 0.842671 0.525168
0.248326 0.533312 0.519844
0.133047 0.402990 0.557593
0.348450 0.624411 0.468885
0.018031 0.096343 0.184377
0.063159 0.291865 0.479795
0.976844 0.986939 0.944810
0.753088 0.880791 0.593073
0.468469 0.720363 0.441906
0.174983 0.457076 0.557075
0.594624 0.799800 0.475651
0.418592 0.683126 0.446050
0.032472 0.208000 0.368873
0.209884 0.495576 0.541044
0.812597 0.908151 0.659207
0.530446 0.761639 0.451132
0.382860 0.654041 0.455490
0.086365 0.333340 0.519561
0.957599 0.976520 0.901266
0.068614 0.302327 0.490934
0.482763 0.730341 0.442667
0.080231 0.323108 0.510840
0.198346 0.483435 0.547076
0.407733 0.674492 0.448377
0.734284 0.871898 0.574903
0.025289 0.162348 0.296502
0.943291 0.969067 0.870541
0.694993 0.852793 0.540776
0.264051 0.548048 0.511267
0.233423 0.519094 0.528067
0.243256 0.528537 0.522624
0.149835 0.425646 0.560895
0.299065 0.580169 0.492736
0.286760 0.568967 0.499140
0.854525 0.927055 0.715226
0.771175 0.889216 0.611707
0.373704 0.646292 0.458690
0.170148 0.451304 0.558491
0.827530 0.914889 0.678152
0.275127 0.558283 0.505307
0.138795 0.410911 0.559305
0.962786 0.979288 0.912772
0.897938 0.946941 0.783935
0.312051 0.591950 0.486116
0.340666 0.617536 0.472364
0.325884 0.604385 0.479304
0.041091 0.239251 0.414207
0.102166 0.358206 0.537574
0.214520 0.500322 0.538539
0.048810 0.260276 0.442228
0.877870 0.937661 0.750631
0.027946 0.182382 0.329052
0.057908 0.281337 0.467928
0.023084 0.142737 0.263856
