prep_spec <<EOF
sp_spider
300
4
1
2
5
23
1
23
23
0
c
1
20
20
40
40
60
60
80
80
100
100
120
120
140
140
160
160
180
180
200
200
220
220
240
240
260
260
280
280
300
300
320
320
340
340
360
360
380
380
400
400
420
420
440
440
460
460
480
480
500
500
520
520
540
540
560
560
580
580
600
600
620
620
640
640
660
660
680
680
700
700
720
720
740
740
760
760
780
780
800
800
820
820
840
840
860
860
880
880
900
900
920
920
940
940
960
960
980
980
1000
1000
1020
1020
1040
1040
1060
1060
1080
1080
1100
1100
1120
1120
1140
1140
1160
1160
1180
1180
1200
1200
1220
1220
1240
1240
1260
1260
1280
1280
1300
1300
1320
1320
1340
1340
1360
1360
1380
1380
1400
1400
1420
1420
1440
1440
1460
1460
1480
1480
1500
1500
1520
1520
1540
1540
1560
1560
1580
1580
1600
1600
1620
1620
1640
1640
1660
1660
1680
1680
1700
1700
1720
1720
1740
1740
1760
1760
1780
1780
1800
1800
1820
1820
1840
1840
1860
1860
1880
1880
1900
1900
1920
1920
1940
1940
1960
1960
1980
1980
2000
2000
2020
2020
2040
2040
2060
2060
2080
2080
2100
2100
2120
2120
2140
2140
2160
2160
2180
2180
2200
2200
2220
2220
2240
2240
2260
2260
2280
2280
2300
2300
2320
2320
2340
2340
2360
2360
2380
2380
2400
2400
2420
2420
2440
2440
2460
2460
2480
2480
2500
2500
2520
2520
2540
2540
2560
2560
2580
2580
2600
2600
2620
2620
2640
2640
2660
2660
2680
2680
2700
2700
2720
2720
2740
2740
2760
2760
2780
2780
2800
2800
2820
2820
2840
2840
2860
2860
2880
2880
2900
2900
2920
2920
2940
2940
2960
2960
2980
2980
3000
3000
3050
3050
3100
3100
3150
3150
3200
3200
3250
3250
3300
3300
3350
3350
3400
3400
3450
3450
3500
3500
3550
3550
3600
3600
3650
3650
3700
3700
3750
3750
3800
3800
3850
3850
3900
3900
3950
3950
4000
4000
4050
4050
4100
4100
4150
4150
4200
4200
4250
4250
4300
4300
4350
4350
4400
4400
4450
4450
4500
4500
4550
4550
4600
4600
4650
4650
4700
4700
4750
4750
4800
4800
4850
4850
4900
4900
4950
4950
5000
5000
5050
5050
5100
5100
5150
5150
5200
5200
5250
5250
5300
5300
5350
5350
5400
5400
5450
5450
5500
5500
5550
5550
5600
5600
5650
5650
5700
5700
5750
5750
5800
5800
5850
5850
5900
5900
5950
5950
6000
6000
6050
6050
6100
6100
6150
6150
6200
6200
6250
6250
6300
6300
6350
6350
6400
6400
6450
6450
6500
6500
6550
6550
6600
6600
6650
6650
6700
6700
6750
6750
6800
6800
6850
6850
6900
6900
6950
6950
7000
7000
7050
7050
7100
7100
7150
7150
7200
7200
7250
7250
7300
7300
7350
7350
7400
7400
7450
7450
7500
7500
7550
7550
7600
7600
7650
7650
7700
7700
7750
7750
7800
7800
7850
7850
7900
7900
7950
7950
8000
8000
8050
8050
8100
8100
8150
8150
8200
8200
8250
8250
8300
8300
8350
8350
8400
8400
8450
8450
8500
8500
8550
8550
8600
8600
8650
8650
8700
8700
8750
8750
8800
8800
8850
8850
8900
8900
8950
8950
9000
9000
9500
9500
10000
10000
10500
10500
11000
11000
11500
11500
12000
12000
12500
12500
13000
13000
13500
13500
14000
14000
14500
14500
15000
15000
15500
15500
16000
16000
16500
16500
17000
17000
17500
17500
18000
18000
18500
18500
19000
19000
19500
19500
20000
20000
20500
20500
21000
21000
21500
21500
22000
22000
22500
22500
23000
23000
23500
23500
24000
1 2 5
1 2 5
1 2 5
1 2 5
1 2 5
1 2 5
1 2 5
1 2 5
1 2 5
1 2 5
1 2 5
1 2 5
1 2 5
1 2 5
1 2 5
1 2 5
1 2 5
1 2 5
1 2 5
1 2 5
1 2 5
1 2 5
1 2 5
1 2 5
1 2 5
1 2 5
1 2 5
1 2 5
1 2 5
1 2 5
1 2 5
1 2 5
1 2 5
1 2 5
1 2 5
1 2 5
1 2 5
1 2 5
1 2 5
1 2 5
1 2 5
1 2 5
1 2 5
1 2 5
1 2 5
1 2 5
1 2 5
1 2 5
1 2 5
1 2 5
1 2 5
1 2 5
1 2 5
1 2 5
1 2 5
1 2 5
1 2 5
1 2 5
1 2 5
1 2 5
1 2 5
1 2 5
1 2 5
1 2 5
1 2 5
1 2 5
1 2 5
1 2 5
1 2 5
1 2 5
1 2 5
1 2 5
1 2 5
1 2 5
1 2 5
1 2 5
1 2 5
1 2 5
1 2 5
1 2 5
1 2 5
1 2 5
1 2 5
1 2 5
1 2 5
1 2 5
1 2 5
1 2 5
1 2 5
1 2 5
1 2 5
1 2 5
1 2 5
1 2 5
1 2 5
1 2 5
1 2 5
1 2 5
1 2 5
1 2 5
1 2 5
1 2 5
1 2 5
1 2 5
1 2 5
1 2 5
1 2 5
1 2 5
1 2 5
1 2 5
1 2 5
1 2 5
1 2 5
1 2 5
1 2 5
1 2 5
1 2 5
1 2 5
1 2 5
1 2 5
1 2 5
1 2 5
1 2 5
1 2 5
1 2 5
1 2 5
1 2 5
1 2 5
1 2 5
1 2 5
1 2 5
1 2 5
1 2 5
1 2 5
1 2 5
1 2 5
1 2 5
1 2 5
1 2 5
1 2 5
1 2 5
1 2 5
1 2 5
1 2 5
1 2 5
1 2 5
1 2 5
1 2 5
1 2 5
1 2 5
1 2 5
1 2 5
1 2 5
1 2 5
1 2 5
1 2 5
1 2 5
1 2 5
1 2 5
1 2 5
1 2 5
1 2 5
1 2 5
1 2 5
1 2 5
1 2 5
1 2 5
1 2 5
1 2 5
1 2 5
1 2 5
1 2 5
1 2 5
1 2 5
1 2 5
1 2 5
1 2 5
1 2 5
1 2 5
1 2 5
1 2 5
1 2 5
1 2 5
1 2 5
1 2 5
1 2 5
1 2 5
1 2 5
1 2 5
1 2 5
1 2 5
1 2 5
1 2 5
1 2 5
1 2 5
1 2 5
1 2 5
1 2 5
1 2 5
1 2 5
1 2 5
1 2 5
1 2 5
1 2 5
1 2 5
1 2 5
1 2 5
1 2 5
1 2 5
1 2 5
1 2 5
1 2 5
1 2 5
1 2 5
1 2 5
1 2 5
1 2 5
1 2 5
1 2 5
1 2 5
1 2 5
1 2 5
1 2 5
1 2 5
1 2 5
1 2 5
1 2 5
1 2 5
1 2 5
1 2 5
1 2 5
1 2 5
1 2 5
1 2 5
1 2 5
1 2 5
1 2 5
1 2 5
1 2 5
1 2 5
1 2 5
1 2 5
1 2 5
1 2 5
1 2 5
1 2 5
1 2 5
1 2 5
1 2 5
1 2 5
1 2 5
1 2 5
1 2 5
1 2 5
1 2 5
1 2 5
1 2 5
1 2 5
1 2 5
1 2 5
1 2 5
1 2 5
1 2 5
1 2 5
1 2 5
1 2 5
1 2 5
1 2 5
1 2 5
1 2 5
1 2 5
1 2 5
1 2 5
1 2 5
1 2 5
1 2 5
1 2 5
1 2 5
1 2 5
1 2 5
1 2 5
1 2 5
1 2 5
1 2 5
1 2 5
1 2 5
1 2 5
1 2 5
1 2 5
1 2 5
1 2 5
1 2 5
1 2 5
1 2 5
1 2 5
1 2 5
1 2 5
1 2 5
1 2 5
1 2 5
1
1
1
1
1
1
1
1
1
1
1
1
1
1
1
1
1
1
1
1
1
1
1
1
1
1
1
1
1
1
1
1
1
1
1
1
1
1
1
1
1
1
1
1
1
1
1
1
1
1
1
1
1
1
1
1
1
1
1
1
1
1
1
1
1
1
1
1
1
1
1
1
1
1
1
1
1
1
1
1
1
1
1
1
1
1
1
1
1
1
1
1
1
1
1
1
1
1
1
1
1
1
1
1
1
1
1
1
1
1
1
1
1
1
1
1
1
1
1
1
1
1
1
1
1
1
1
1
1
1
1
1
1
1
1
1
1
1
1
1
1
1
1
1
1
1
1
1
1
1
1
1
1
1
1
1
1
1
1
1
1
1
1
1
1
1
1
1
1
1
1
1
1
1
1
1
1
1
1
1
1
1
1
1
1
1
1
1
1
1
1
1
1
1
1
1
1
1
1
1
1
1
1
1
1
1
1
1
1
1
1
1
1
1
1
1
1
1
1
1
1
1
1
1
1
1
1
1
1
1
1
1
1
1
1
1
1
1
1
1
1
1
1
1
1
1
1
1
1
1
1
1
1
1
1
1
1
1
1
1
1
1
1
1
1
1
1
1
1
1
1
1
1
1
1
1
1
1
1
1
1
1
1
1
1
1
1
1
1
1
1
1
1
1
1
1
1
1
1
1
n
-1
EOF
Ccorr_k -F pt48 -D 05_HITEMP2019.par -R 1 300 -c 2500.0 -i 1.0 -l 5 1.0e1 -t 1.0e-2 -k -s sp_spider +p -lk -o co_o -m co_m -L co_lbl.nc -np 16
prep_spec <<EOF
sp_spider
a
5
co_o
-1
EOF
Ccorr_k -F pt_cont -CIA H2-H2_2011.cia -R 1 300 -i 1.0 -ct 23 23 1.0e2 -t 1.0e-2 -s sp_spider +p -lk -o h2_o -m h2_m -L h2_lbl.nc
prep_spec <<EOF
sp_spider
a
19
h2_o
-1
EOF
Ccorr_k -F pt48 -D co2_data.par -R 1 300 -c 2500.0 -i 1.0 -l 2 1.0e1 -t 1.0e-2 -k -s sp_spider +p -lk -o co2_o -m co2_m -L co2_lbl.nc -np 16
prep_spec <<EOF
sp_spider
a
5
co2_o
-1
EOF
Ccorr_k -F pt48 -D h2o_data.par -R 1 300 -c 2500.0 -i 1.0 -l 1 1.0e1 -t 1.0e-2 -k -s sp_spider +p -lk -o h2o_o -m h2o_m -L h2o_lbl.nc -np 16
prep_spec <<EOF
sp_spider
a
5
y
h2o_o
6
n
T
100 4000
100
2
n
/Users/markhammond/Work/Projects/1D-RC-SOC/socrates/socrates_main/data/solar/kurucz_95
y
-1
EOF
